survTime	X	casecontrol	censorTime	AgeOfEventFinal	IsCensor	IND_ID	IND_index	Fam_index
127	1.54924188625294	1	504.376195815808	127	0	1a1	1	1
4883	-0.445333850734177	0	142.243983806111	142.243983806111	1	1a2	2	1
1259	0.0717781161606681	0	84.5839041552728	84.5839041552728	1	1a3	3	1
143	0.830927996953318	0	129.646376422147	129.646376422147	1	1a4	4	1
146	0.674896159034728	0	30.8404810493812	30.8404810493812	1	1a5	5	1
199	1.81145234270205	0	27.1594750135223	27.1594750135223	1	1a6	6	1
3635	0.385871222252637	0	235.977885069999	235.977885069999	1	1a7	7	1
888	-1.0375472356973	0	115.478696301579	115.478696301579	1	1a8	8	1
144980	-1.79036584857323	0	477.007777409113	477.007777409113	1	1a9	9	1
80	0.0770241053439286	1	938.813203427583	80	0	1a10	10	1
568	-0.0901437629838172	0	25.4989101085812	25.4989101085812	1	1a11	11	2
259	0.771730881895708	1	373.866477960205	259	0	1a12	12	2
984	-0.639082982043945	0	103.928599253382	103.928599253382	1	1a13	13	2
619	0.214194401593559	0	343.451519719067	343.451519719067	1	1a14	14	2
200	-0.138314020727669	0	102.082385215908	102.082385215908	1	1a15	15	2
767	1.11410942134801	0	21.7391578480601	21.7391578480601	1	1a16	16	2
41144	-1.29243376472007	0	379.597960950291	379.597960950291	1	1a17	17	2
1209	-0.490141041648908	0	318.175928656685	318.175928656685	1	1a18	18	2
2161	2.14905682707847	0	12.9514124710113	12.9514124710113	1	1a19	19	2
165	0.536183211228399	0	153.09621769282	153.09621769282	1	1a20	20	2
508	1.00784007684053	0	246.594399203289	246.594399203289	1	1a21	21	3
232	0.677428094777781	1	585.712517927677	232	0	1a22	22	3
335	0.399578134030144	1	617.170680070016	335	0	1a23	23	3
1597	-0.370297796818946	0	174.65301235354	174.65301235354	1	1a24	24	3
2472	-1.16558276432115	0	84.2747989809141	84.2747989809141	1	1a25	25	3
4037	-0.101847885629312	0	778.424811788254	778.424811788254	1	1a26	26	3
601	-0.117377582872864	0	542.069325657719	542.069325657719	1	1a27	27	3
157	0.354056547435127	0	71.5349002927062	71.5349002927062	1	1a28	28	3
1282	-1.51705077118653	0	293.319864188063	293.319864188063	1	1a29	29	3
164	1.96039842117428	0	64.0803942224011	64.0803942224011	1	1a30	30	3
3393	-1.82551874958395	0	13.5937017448936	13.5937017448936	1	1a31	31	4
178	1.03836881404919	1	502.471523338413	178	0	1a32	32	4
741	-0.232299198234434	0	56.6821759094966	56.6821759094966	1	1a33	33	4
697	-0.165140680323213	0	325.870277349579	325.870277349579	1	1a34	34	4
2863	-1.58180267342043	0	680.700052963728	680.700052963728	1	1a35	35	4
5248	-0.867384694280217	0	60.4000304592773	60.4000304592773	1	1a36	36	4
8	0.555249658041605	1	37.7703848062083	8	0	1a37	37	4
150	1.08290930584989	0	123.807094292715	123.807094292715	1	1a38	38	4
867	-1.40302762753133	0	858.135994481754	858.135994481754	1	1a39	39	4
533	1.56066518459211	0	84.2947993660346	84.2947993660346	1	1a40	40	4
718	1.58483562465199	0	15.6904070172459	15.6904070172459	1	1a41	41	5
821	0.77948311901784	0	269.609448023814	269.609448023814	1	1a42	42	5
9057	0.172118373312794	0	0.700308359228075	0.700308359228075	1	1a43	43	5
18	1.43551688794806	1	102.044121362269	18	0	1a44	44	5
451	-0.168506148676155	0	78.5401210887358	78.5401210887358	1	1a45	45	5
468	0.52379570695916	0	194.238034299317	194.238034299317	1	1a46	46	5
1963	-0.294479845618405	0	15.9026797729736	15.9026797729736	1	1a47	47	5
3235	-0.204548339314956	0	238.527896325837	238.527896325837	1	1a48	48	5
56	3.05587575868284	1	76.4510621563087	56	0	1a49	49	5
555	0.603684850920904	0	161.604700959288	161.604700959288	1	1a50	50	5
4925	-0.754403648636187	0	183.270587526882	183.270587526882	1	1a51	51	6
893	1.06180102186356	0	46.5629037935287	46.5629037935287	1	1a52	52	6
244	2.3220465382038	0	180.196381006108	180.196381006108	1	1a53	53	6
5528	0.241778913310395	0	178.047102641605	178.047102641605	1	1a54	54	6
1536	-1.44599710863386	0	65.0387389567674	65.0387389567674	1	1a55	55	6
784	0.836276603253429	0	35.6689068721607	35.6689068721607	1	1a56	56	6
909	0.0456342142987901	1	1006.0085874518	909	0	1a57	57	6
5	-0.996236726254066	1	43.6910154530779	5	0	1a58	58	6
8763	-0.611415878776452	0	70.2061299234629	70.2061299234629	1	1a59	59	6
5197	-0.255053635073332	0	44.8529319558901	44.8529319558901	1	1a60	60	6
1774	-1.13163943017896	0	240.220722033384	240.220722033384	1	1a61	61	7
88	-0.0475376319291557	0	3.7406503688544	3.7406503688544	1	1a62	62	7
18	0.956522414004189	1	96.2841088185087	18	0	1a63	63	7
630	0.0831018307522632	0	35.8446569880471	35.8446569880471	1	1a64	64	7
473	-0.711027444937015	0	10.6036067331339	10.6036067331339	1	1a65	65	7
2324	0.535094898334852	0	259.968488092226	259.968488092226	1	1a66	66	7
113	-0.44498652243273	1	238.016824810508	113	0	1a67	67	7
214	0.708968794230869	0	32.0268436242359	32.0268436242359	1	1a68	68	7
1009	1.01292636420778	0	136.219530366361	136.219530366361	1	1a69	69	7
1826	-0.579183732609046	0	196.467028920281	196.467028920281	1	1a70	70	7
309	1.30513164233555	1	445.770859231657	309	0	1a71	71	8
1220	1.17249698205662	0	182.674265118056	182.674265118056	1	1a72	72	8
487	-0.24206324644686	0	465.12446081665	465.12446081665	1	1a73	73	8
351	-0.432430245824702	0	6.09866684524062	6.09866684524062	1	1a74	74	8
862	0.562138141345629	0	114.942474290729	114.942474290729	1	1a75	75	8
300	-0.00262540005393992	0	168.421768699773	168.421768699773	1	1a76	76	8
35405	-1.38546821594038	0	171.303353854455	171.303353854455	1	1a77	77	8
2342	-0.595869499536716	0	72.4077947670594	72.4077947670594	1	1a78	78	8
454	-1.45348608639284	0	111.779763130471	111.779763130471	1	1a79	79	8
42	-0.647088664229674	1	244.587029552761	42	0	1a80	80	8
27	2.21515214025379	1	269.201898704025	27	0	1a81	81	9
956	0.992815059792968	0	333.779986704442	333.779986704442	1	1a82	82	9
18358	-2.70829035894974	0	172.394324094057	172.394324094057	1	1a83	83	9
1410	-0.0396847203761427	0	337.793158589605	337.793158589605	1	1a84	84	9
33501	-1.96495304111351	0	245.536123879125	245.536123879125	1	1a85	85	9
744	-0.103985689231253	0	351.014312416837	351.014312416837	1	1a86	86	9
28445	-1.81098849516165	0	292.844820058647	292.844820058647	1	1a87	87	9
20	1.34690005190992	1	115.66963524092	20	0	1a88	88	9
496	0.245706295742511	0	249.941055423669	249.941055423669	1	1a89	89	9
2041	-0.44136915232578	0	532.437186191017	532.437186191017	1	1a90	90	9
20	0.31671722360213	1	127.722085919231	20	0	1a91	91	10
96	-0.547250377020381	1	149.659116170369	96	0	1a92	92	10
8826	-0.811631749580527	0	878.977817896396	878.977817896396	1	1a93	93	10
431	0.280821288986918	0	7.77727772947401	7.77727772947401	1	1a94	94	10
2906	-0.376369660638692	0	201.344423916864	201.344423916864	1	1a95	95	10
26025	-0.680160662189276	0	225.154478755034	225.154478755034	1	1a96	96	10
2206	-0.0314123513349462	0	197.729582189325	197.729582189325	1	1a97	97	10
1683	-1.0567977281935	0	785.557451856127	785.557451856127	1	1a98	98	10
19805	-1.70484078075038	0	909.664522515844	909.664522515844	1	1a99	99	10
2060	-0.431815642080238	0	166.232235729694	166.232235729694	1	1a100	100	10
4448	-0.721415034654424	0	27.5035548449255	27.5035548449255	1	1a101	101	11
2106	-0.53678158646193	0	674.951529564494	674.951529564494	1	1a102	102	11
1166	-0.786150703965594	0	80.5993078975007	80.5993078975007	1	1a103	103	11
10799	-1.18980061954887	0	324.823922699991	324.823922699991	1	1a104	104	11
399	-0.559632923575129	0	326.50048098408	326.50048098408	1	1a105	105	11
127	0.451027468031879	1	403.652151595887	127	0	1a106	106	11
2619	0.402734037682171	0	173.18315198645	173.18315198645	1	1a107	107	11
381	0.588655614031182	0	26.465462166396	26.465462166396	1	1a108	108	11
13	1.11776410693874	0	10.2958799107	10.2958799107	1	1a109	109	11
1574	-0.119932640080178	0	187.915442134813	187.915442134813	1	1a110	110	11
715	0.415642831418905	0	193.042981660667	193.042981660667	1	1a111	111	12
850	0.577602697715977	0	693.625945555878	693.625945555878	1	1a112	112	12
182	-1.38624453027623	1	195.766416367817	182	0	1a113	113	12
49	0.0623723593470264	1	540.060483989929	49	0	1a114	114	12
759	-0.187154710837405	0	136.155271786265	136.155271786265	1	1a115	115	12
3037	-1.17936776691239	0	231.14121913791	231.14121913791	1	1a116	116	12
86	0.684257948235567	0	42.7610481481186	42.7610481481186	1	1a117	117	12
53	1.49923500815378	1	324.734511309046	53	0	1a118	118	12
5245	-0.73251743974001	0	328.19104961932	328.19104961932	1	1a119	119	12
4163	-0.0407428598221381	0	307.369878505099	307.369878505099	1	1a120	120	12
944	-0.323505167877998	0	574.077194059426	574.077194059426	1	1a121	121	13
12332	-1.23714888219995	0	6.41584873665124	6.41584873665124	1	1a122	122	13
733	-0.129978077146389	0	60.5578608810902	60.5578608810902	1	1a123	123	13
29639	-0.649649848171793	0	456.086260245597	456.086260245597	1	1a124	124	13
22119	-2.39844705079896	0	394.084013446827	394.084013446827	1	1a125	125	13
1083	1.37699803549209	0	374.290707965797	374.290707965797	1	1a126	126	13
594	-0.108410326106321	0	3.64074693061411	3.64074693061411	1	1a127	127	13
196	0.277847432091636	0	49.8897876800726	49.8897876800726	1	1a128	128	13
980	0.553891729357337	0	29.3993958039209	29.3993958039209	1	1a129	129	13
400	0.411902284435025	0	43.9700075878656	43.9700075878656	1	1a130	130	13
2178	0.265173620191512	0	1085.52091059892	1085.52091059892	1	1a131	131	14
455	0.0876299090280466	0	440.031442010952	440.031442010952	1	1a132	132	14
346	0.206443682266872	0	121.363913291134	121.363913291134	1	1a133	133	14
325	-0.285472152065216	0	164.073241292499	164.073241292499	1	1a134	134	14
4267	-0.495803861980109	0	137.628473807126	137.628473807126	1	1a135	135	14
704	-0.0256857478192764	0	332.447954443026	332.447954443026	1	1a136	136	14
4898	-1.552798043999	0	96.1910933256149	96.1910933256149	1	1a137	137	14
775	-0.45756681979333	0	230.763150834221	230.763150834221	1	1a138	138	14
23	-0.515344852862784	1	110.474919900298	23	0	1a139	139	14
1460	-1.88671149454121	0	62.2600002912249	62.2600002912249	1	1a140	140	14
1401	-0.280909203707086	0	193.675064469554	193.675064469554	1	1a141	141	15
8806	-1.08527667034935	0	208.834149165753	208.834149165753	1	1a142	142	15
1837	-0.310147415521573	0	403.662624128943	403.662624128943	1	1a143	143	15
1565	0.543255461386994	0	46.1607067743824	46.1607067743824	1	1a144	144	15
2474	-0.795384403229761	0	421.74996526674	421.74996526674	1	1a145	145	15
5309	0.249700775174336	0	30.9061963343993	30.9061963343993	1	1a146	146	15
366	-0.71929249808266	1	472.647939787662	366	0	1a147	147	15
82	0.628053575828345	1	295.260293398726	82	0	1a148	148	15
13763	-0.62434391562621	0	281.976560353044	281.976560353044	1	1a149	149	15
16400	-1.19741763622807	0	566.011372456485	566.011372456485	1	1a150	150	15
438	1.01376168402111	1	631.956886934275	438	0	1a151	151	16
4465	-1.00988011316503	0	71.8354476848617	71.8354476848617	1	1a152	152	16
3586	-1.30785200520529	0	110.854949241688	110.854949241688	1	1a153	153	16
717	0.362228521795704	0	269.922937488857	269.922937488857	1	1a154	154	16
6190	-1.57750941792335	0	258.835957375097	258.835957375097	1	1a155	155	16
1758	0.323183358710519	0	329.828405509445	329.828405509445	1	1a156	156	16
1679	-0.743778555183596	0	497.350639642632	497.350639642632	1	1a157	157	16
512	0.771216560117022	0	128.912221407518	128.912221407518	1	1a158	158	16
1579	0.621645811629568	0	88.0557341140821	88.0557341140821	1	1a159	159	16
488	0.41745482549933	0	442.738195394582	442.738195394582	1	1a160	160	16
847	1.88772828125063	0	497.695052509612	497.695052509612	1	1a161	161	17
216	0.982377963207081	1	311.521289859641	216	0	1a162	162	17
1689	-1.25525837956598	0	79.9439140828326	79.9439140828326	1	1a163	163	17
6944	-0.867112341624372	0	70.4840731341392	70.4840731341392	1	1a164	164	17
5251	0.116707406673264	0	185.713796787958	185.713796787958	1	1a165	165	17
185	0.840690503088058	0	70.9742408944294	70.9742408944294	1	1a166	166	17
9673	-1.00011888829462	0	22.0616209046742	22.0616209046742	1	1a167	167	17
298	-0.285332495128499	0	89.6643908927217	89.6643908927217	1	1a168	168	17
462	0.643597496256474	0	54.3078018922475	54.3078018922475	1	1a169	169	17
322	1.53059953716152	0	281.166062214154	281.166062214154	1	1a170	170	17
2091	0.785527675092009	0	121.639401535504	121.639401535504	1	1a171	171	18
71	1.33714272151735	1	189.244493223638	71	0	1a172	172	18
2925	0.468474959131398	0	187.084152985104	187.084152985104	1	1a173	173	18
363	1.15951614886588	0	19.6929789381102	19.6929789381102	1	1a174	174	18
708	-0.382094340243182	0	448.783725013441	448.783725013441	1	1a175	175	18
240	1.61273215301107	0	178.759640537876	178.759640537876	1	1a176	176	18
195	1.34162459212416	0	115.22614210844	115.22614210844	1	1a177	177	18
5181	-1.14364841491752	0	594.721161263222	594.721161263222	1	1a178	178	18
1182	-0.629471791437815	0	63.4161937623189	63.4161937623189	1	1a179	179	18
68	0.863752007246406	1	148.832327220589	68	0	1a180	180	18
444	-0.58122653446815	0	43.3473888387702	43.3473888387702	1	1a181	181	19
1790	-0.607282743220049	0	46.5386864962056	46.5386864962056	1	1a182	182	19
1306	-0.434694873557916	0	28.9718662388623	28.9718662388623	1	1a183	183	19
3798	-1.09300954977188	0	292.93793112852	292.93793112852	1	1a184	184	19
4830	-1.23936175376952	0	263.061282447282	263.061282447282	1	1a185	185	19
40	-0.338734592260511	1	330.753720587793	40	0	1a186	186	19
558	0.612523343242213	0	532.496432276601	532.496432276601	1	1a187	187	19
2086	0.251144043853722	0	28.0721609015018	28.0721609015018	1	1a188	188	19
760	0.157344371438538	0	198.623415537852	198.623415537852	1	1a189	189	19
53	0.731398802857011	1	83.5377392359078	53	0	1a190	190	19
339	1.38658103122072	0	35.5205881642178	35.5205881642178	1	1a191	191	20
7093	-0.763441299003555	0	261.726030981676	261.726030981676	1	1a192	192	20
3049	-0.700543024978637	0	793.256159829807	793.256159829807	1	1a193	193	20
197	1.49339959608051	0	81.991375733364	81.991375733364	1	1a194	194	20
8154	-1.1941327825205	0	92.398712474605	92.398712474605	1	1a195	195	20
324	0.0151836628124823	1	359.088072066611	324	0	1a196	196	20
117	0.997031705783188	1	183.638119593936	117	0	1a197	197	20
273	1.65178960081941	0	239.737306012514	239.737306012514	1	1a198	198	20
99	0.556597414858065	0	35.9536077594385	35.9536077594385	1	1a199	199	20
2092	-0.966223350678632	0	165.610000607558	165.610000607558	1	1a200	200	20
67	0.81700372108064	1	195.714218997139	67	0	1a201	201	21
4534	0.00695458131527555	0	359.900296960208	359.900296960208	1	1a202	202	21
2275	0.641029529693474	0	434.470480802007	434.470480802007	1	1a203	203	21
897	-0.627912567627711	0	69.1555411322042	69.1555411322042	1	1a204	204	21
3444	0.749041429398074	0	0.586960977374405	0.586960977374405	1	1a205	205	21
141	0.851129858187867	0	23.6463940913638	23.6463940913638	1	1a206	206	21
2326	0.150327332091478	0	23.039219126024	23.039219126024	1	1a207	207	21
11224	-0.452077206018255	0	11.28038187114	11.28038187114	1	1a208	208	21
9045	-1.85212491460729	0	113.809844129719	113.809844129719	1	1a209	209	21
1954	-1.13582889046743	0	127.924764063209	127.924764063209	1	1a210	210	21
762	-0.245173276603206	0	582.454679036671	582.454679036671	1	1a211	211	22
664	1.40708019336414	0	12.8754867473617	12.8754867473617	1	1a212	212	22
16	-0.00126589883688534	1	226.693124541894	16	0	1a213	213	22
192	-0.7253522328834	0	130.65062824171	130.65062824171	1	1a214	214	22
549	0.633214560541603	0	215.700628458265	215.700628458265	1	1a215	215	22
331	-1.35025765468627	0	70.0700401794165	70.0700401794165	1	1a216	216	22
1945	-0.23762840211652	0	8.29666680729146	8.29666680729146	1	1a217	217	22
67	0.529516194193657	0	0.662362973296589	0.662362973296589	1	1a218	218	22
2814	-1.67399451192527	0	176.193695435707	176.193695435707	1	1a219	219	22
71	2.29080229963248	1	176.472598439999	71	0	1a220	220	22
1993	0.433907105070548	0	271.038922637132	271.038922637132	1	1a221	221	23
1842	0.199301518816097	0	69.0781041137418	69.0781041137418	1	1a222	222	23
1246	-0.00934489543258074	0	226.690630806902	226.690630806902	1	1a223	223	23
177	2.73752692089332	0	65.4866863929933	65.4866863929933	1	1a224	224	23
517	0.871315569263522	0	91.2107018521056	91.2107018521056	1	1a225	225	23
1139	-1.3336584129695	0	32.6045621922628	32.6045621922628	1	1a226	226	23
344	-0.102448972619871	0	106.249970616773	106.249970616773	1	1a227	227	23
2953	-0.925217823222415	0	67.2861010534689	67.2861010534689	1	1a228	228	23
2286	-1.47544563958792	0	1669.57145500789	1669.57145500789	1	1a229	229	23
1425	0.0363931985753125	0	70.3072266187519	70.3072266187519	1	1a230	230	23
58	-0.684889838509008	1	211.77539258504	58	0	1a231	231	24
166	-0.0955792605761334	1	323.670974922109	166	0	1a232	232	24
65	0.106656827373527	1	691.17531130665	65	0	1a233	233	24
1528	-1.13296324046939	0	421.963408788409	421.963408788409	1	1a234	234	24
1147	-0.522528578921216	0	739.828523206425	739.828523206425	1	1a235	235	24
411	1.35758312717995	0	72.4912945042613	72.4912945042613	1	1a236	236	24
463	-0.342634879000822	0	313.696095476601	313.696095476601	1	1a237	237	24
570	1.57923453600842	0	34.1434622829605	34.1434622829605	1	1a238	238	24
7589	-0.515695189659722	0	282.462792460549	282.462792460549	1	1a239	239	24
188	0.824755834012699	0	80.7710548397154	80.7710548397154	1	1a240	240	24
897	0.26151753999403	0	822.492958935809	822.492958935809	1	1a241	241	25
1073	0.0699994688993092	0	72.6814296795055	72.6814296795055	1	1a242	242	25
528	0.288818768039882	0	52.3122983286157	52.3122983286157	1	1a243	243	25
538	0.150998654250768	0	67.4101155018434	67.4101155018434	1	1a244	244	25
382	1.0266145916651	0	2.33456418967785	2.33456418967785	1	1a245	245	25
1163	-0.212932197240229	0	18.8115071505308	18.8115071505308	1	1a246	246	25
12583	-2.58570808650362	0	496.174134293056	496.174134293056	1	1a247	247	25
3803	-1.37557272501172	0	272.856276704672	272.856276704672	1	1a248	248	25
444	0.773207521882418	0	29.1683467537522	29.1683467537522	1	1a249	249	25
138	1.27718049587437	1	793.350961017323	138	0	1a250	250	25
1003	0.182176105199056	0	215.520290181714	215.520290181714	1	1a251	251	26
1656	-0.0302612134601211	0	29.3870804598555	29.3870804598555	1	1a252	252	26
6831	-1.24731832438188	0	58.7831049937335	58.7831049937335	1	1a253	253	26
1106	-0.0191888271496402	1	2083.03149006262	1106	0	1a254	254	26
287	0.670881534722019	0	37.4794760378088	37.4794760378088	1	1a255	255	26
11896	-1.46789347618534	0	370.336395201689	370.336395201689	1	1a256	256	26
1	0.0503553893670684	1	90.5987011501566	1	0	1a257	257	26
2541	-0.195268183225767	0	45.934559777379	45.934559777379	1	1a258	258	26
6412	-0.0914062277374426	0	636.99045727604	636.99045727604	1	1a259	259	26
3874	-0.847708155962745	0	213.061496837738	213.061496837738	1	1a260	260	26
13	0.300207695364715	1	179.854431024829	13	0	1a261	261	27
204	0.562311032646562	0	87.8620301580659	87.8620301580659	1	1a262	262	27
6909	-1.03240948265866	0	118.114488432184	118.114488432184	1	1a263	263	27
245	-0.954231403943769	0	48.3092369977385	48.3092369977385	1	1a264	264	27
2	0.933905340578076	1	690.582327978844	2	0	1a265	265	27
1226	0.681305138017963	0	15.2688601158904	15.2688601158904	1	1a266	266	27
879	0.657689013238434	0	56.6527243936434	56.6527243936434	1	1a267	267	27
259	0.660730959215491	0	180.238544231954	180.238544231954	1	1a268	268	27
794	1.87851691385186	0	332.455681393597	332.455681393597	1	1a269	269	27
8644	-2.11301516854531	0	231.735580590296	231.735580590296	1	1a270	270	27
1370	-0.606235405943285	0	363.74132146821	363.74132146821	1	1a271	271	28
948	-0.311292259931771	0	20.9401046158746	20.9401046158746	1	1a272	272	28
440	-1.79512073289428	0	8.86335293762386	8.86335293762386	1	1a273	273	28
292	0.513103852327294	0	92.0638390231461	92.0638390231461	1	1a274	274	28
2090	-0.258390848607577	0	12.004014570266	12.004014570266	1	1a275	275	28
459	0.0939423266489136	0	356.904504299794	356.904504299794	1	1a276	276	28
1696	-0.0314400128243572	0	172.386219841428	172.386219841428	1	1a277	277	28
813	-0.350237074539501	0	1.02897954639047	1.02897954639047	1	1a278	278	28
232	1.00364623610278	1	238.051179087463	232	0	1a279	279	28
1601	0.533191319434284	0	537.622136479217	537.622136479217	1	1a280	280	28
161	-0.809524971114888	0	122.25933582522	122.25933582522	1	1a281	281	29
1374	-1.04920834636688	0	25.2219315152615	25.2219315152615	1	1a282	282	29
603	-0.503709580326535	0	289.439793199974	289.439793199974	1	1a283	283	29
2696	-0.125751590749307	0	224.846875517371	224.846875517371	1	1a284	284	29
3052	-1.11797077711157	0	40.4398798709735	40.4398798709735	1	1a285	285	29
1384	-0.0703235574740742	0	306.968630292603	306.968630292603	1	1a286	286	29
571	0.500383219984479	0	182.48231082732	182.48231082732	1	1a287	287	29
462	-0.968989011096952	0	25.6917118927637	25.6917118927637	1	1a288	288	29
2362	-1.33006428897367	0	234.998373304236	234.998373304236	1	1a289	289	29
500	0.0164957037219471	0	135.430502180455	135.430502180455	1	1a290	290	29
581	0.482869220768771	0	199.259399425912	199.259399425912	1	1a291	291	30
969	0.512915173937664	0	200.769342005926	200.769342005926	1	1a292	292	30
54	1.60154384889786	1	1394.98243256113	54	0	1a293	293	30
756	-0.681476600700892	0	228.148976097557	228.148976097557	1	1a294	294	30
1223	-0.78363882132111	0	270.561420581046	270.561420581046	1	1a295	295	30
1325	-0.110102117932405	0	18.0507100885734	18.0507100885734	1	1a296	296	30
5443	-0.375590573158744	0	436.389600837088	436.389600837088	1	1a297	297	30
1463	0.269384172700162	0	139.326610020362	139.326610020362	1	1a298	298	30
42	-1.24436096900212	1	287.710473163727	42	0	1a299	299	30
4460	-0.440701531797582	0	346.095537523481	346.095537523481	1	1a300	300	30
2102	1.73050801627243	0	226.165602438825	226.165602438825	1	1a301	301	31
3811	-0.558173569980641	0	556.407666267985	556.407666267985	1	1a302	302	31
13547	-1.39300674288335	0	503.850959686047	503.850959686047	1	1a303	303	31
1225	2.18721393532934	0	162.462714244612	162.462714244612	1	1a304	304	31
2959	-0.490383903423968	0	0.0374354422092438	0.0374354422092438	1	1a305	305	31
134	0.746362587179657	1	147.165004458309	134	0	1a306	306	31
1341	-0.168129669811538	0	93.1543576298282	93.1543576298282	1	1a307	307	31
539	-0.573813853207073	0	80.1997553226205	80.1997553226205	1	1a308	308	31
1390	-0.596575131198524	0	97.4341933615506	97.4341933615506	1	1a309	309	31
6	0.357995051011224	1	99.2168670054525	6	0	1a310	310	31
192	1.22324049216351	1	528.319102214807	192	0	1a311	311	32
3485	0.326164202466468	0	746.259390445504	746.259390445504	1	1a312	312	32
1470	0.52582508397314	0	378.978056060901	378.978056060901	1	1a313	313	32
63	2.77851876067959	1	144.949391135015	63	0	1a314	314	32
452	-2.02170184552668	0	44.6856662165374	44.6856662165374	1	1a315	315	32
767	0.444149594231142	0	37.9007187467349	37.9007187467349	1	1a316	316	32
772	0.791233372365432	0	68.403513985686	68.403513985686	1	1a317	317	32
365	0.915297343588156	1	634.781197147602	365	0	1a318	318	32
2654	1.07059081361846	0	22.2298478474841	22.2298478474841	1	1a319	319	32
62	-0.294201175297832	0	45.058677640455	45.058677640455	1	1a320	320	32
1474	-0.840028770422467	0	592.980254875654	592.980254875654	1	1a321	321	33
1598	-0.370700477456415	0	137.748670764267	137.748670764267	1	1a322	322	33
4	-0.235580090010806	1	575.795043694013	4	0	1a323	323	33
1625	-1.02172155738904	0	1453.20736980977	1453.20736980977	1	1a324	324	33
123	2.45207098215073	1	323.21493186869	123	0	1a325	325	33
221	-0.69036132896924	0	138.830579002388	138.830579002388	1	1a326	326	33
429	1.6966616877359	0	184.544755135405	184.544755135405	1	1a327	327	33
383	-0.403541502541779	1	555.629236126477	383	0	1a328	328	33
3360	0.24491453119573	0	82.2886622045189	82.2886622045189	1	1a329	329	33
412	0.514978171999858	0	294.956220070574	294.956220070574	1	1a330	330	33
2243	0.364534006263765	0	292.281215534288	292.281215534288	1	1a331	331	34
70	-0.585254072835764	1	174.046047487038	70	0	1a332	332	34
4	0.990511875191403	1	506.141088881946	4	0	1a333	333	34
1303	-0.372675982595149	0	350.822839399284	350.822839399284	1	1a334	334	34
156	0.882985345218398	0	137.330995989032	137.330995989032	1	1a335	335	34
1268	-0.299243101855895	0	157.568532158621	157.568532158621	1	1a336	336	34
361	1.20743569466745	0	141.137622995302	141.137622995302	1	1a337	337	34
3353	-1.54107032680443	0	146.027630660683	146.027630660683	1	1a338	338	34
300	0.598031950839596	0	166.312840650789	166.312840650789	1	1a339	339	34
58	-0.651433193941027	1	213.567035912582	58	0	1a340	340	34
4208	-0.839794589070711	0	214.378551336679	214.378551336679	1	1a341	341	35
456	0.389207325191078	1	871.499916020423	456	0	1a342	342	35
436	0.587343687214652	0	335.593819607723	335.593819607723	1	1a343	343	35
5764	0.142987663462314	0	505.854728610671	505.854728610671	1	1a344	344	35
69	0.155423861264305	1	466.430192792273	69	0	1a345	345	35
1284	0.322775289356103	0	71.9867906300351	71.9867906300351	1	1a346	346	35
4544	-0.549348746562213	0	85.9495971817523	85.9495971817523	1	1a347	347	35
675	-0.0845647035825109	0	72.8084478760138	72.8084478760138	1	1a348	348	35
10616	0.971389847083045	0	33.4533347049728	33.4533347049728	1	1a349	349	35
2102	-0.64983206519741	0	416.446788215494	416.446788215494	1	1a350	350	35
641	0.291618260268478	0	114.806323428638	114.806323428638	1	1a351	351	36
2	1.7706192197168	1	407.16000178591	2	0	1a352	352	36
594	0.739208571527359	0	308.628490417007	308.628490417007	1	1a353	353	36
15	2.23961988696293	1	116.045857779682	15	0	1a354	354	36
163	0.0432105839875905	1	313.709493250328	163	0	1a355	355	36
274	1.39823276150942	0	20.8963112672791	20.8963112672791	1	1a356	356	36
232	0.110722380547337	0	94.6040065027773	94.6040065027773	1	1a357	357	36
271	0.182281330537637	0	134.698991278142	134.698991278142	1	1a358	358	36
2127	-0.110440987037569	0	642.659549104208	642.659549104208	1	1a359	359	36
688	-0.736423137652269	0	113.576643168926	113.576643168926	1	1a360	360	36
757	0.201522825503274	0	86.955389007926	86.955389007926	1	1a361	361	37
137	1.30984476673199	1	151.224703062326	137	0	1a362	362	37
324	1.66326966580031	0	101.052005309612	101.052005309612	1	1a363	363	37
102	0.718894004412037	1	985.119157883913	102	0	1a364	364	37
2381	-0.53314201670869	0	296.624636499885	296.624636499885	1	1a365	365	37
35	0.559438582597406	1	785.699408459377	35	0	1a366	366	37
35	-1.13782630067142	1	123.680414748378	35	0	1a367	367	37
2164	0.972611267026005	0	901.333605352432	901.333605352432	1	1a368	368	37
288	-0.44410404697567	1	317.865543988276	288	0	1a369	369	37
9701	-1.41086331578626	0	728.322688448143	728.322688448143	1	1a370	370	37
1267	-0.244097839397673	0	87.5519249821082	87.5519249821082	1	1a371	371	38
2290	-0.905375534862705	0	256.071812695566	256.071812695566	1	1a372	372	38
2151	-0.743471110567888	0	25.8557791821659	25.8557791821659	1	1a373	373	38
307	0.0951226523464174	0	18.7527649277052	18.7527649277052	1	1a374	374	38
3304	-1.29931255929771	0	45.5682466272265	45.5682466272265	1	1a375	375	38
167	0.969020787673808	1	222.939629862507	167	0	1a376	376	38
30890	-2.36667489609282	0	377.050442365513	377.050442365513	1	1a377	377	38
1367	-1.30542934111853	0	280.783757789734	280.783757789734	1	1a378	378	38
845	-0.401324797282293	0	335.305961536917	335.305961536917	1	1a379	379	38
4645	-2.07158202838216	0	84.2212556162849	84.2212556162849	1	1a380	380	38
93	1.71342757242226	1	164.384267532773	93	0	1a381	381	39
1798	0.55072962023084	0	191.64460195821	191.64460195821	1	1a382	382	39
28	0.156413562764255	0	22.4516150258213	22.4516150258213	1	1a383	383	39
26	0.353089352201521	1	372.206327018744	26	0	1a384	384	39
65	1.00304876721093	1	532.417015606695	65	0	1a385	385	39
580	0.451274853214315	0	25.8832009276375	25.8832009276375	1	1a386	386	39
396	-0.985603908620938	0	175.970709406513	175.970709406513	1	1a387	387	39
81	-0.00246968482361174	1	117.807995411567	81	0	1a388	388	39
441	-2.53131020690676	0	50.0781831797212	50.0781831797212	1	1a389	389	39
43	-0.620681240544075	1	176.508798253465	43	0	1a390	390	39
1435	0.577245829640512	0	100.756507483311	100.756507483311	1	1a391	391	40
7101	-1.68459592296284	0	89.2748018959537	89.2748018959537	1	1a392	392	40
2083	0.519155507242008	0	193.409771415147	193.409771415147	1	1a393	393	40
749	0.25792597090635	0	85.1017433078009	85.1017433078009	1	1a394	394	40
706	-0.182388463604764	0	598.152910793358	598.152910793358	1	1a395	395	40
67	1.32529642416221	1	650.116538307875	67	0	1a396	396	40
34	0.288592990441052	1	499.915216097093	34	0	1a397	397	40
265	0.599079602146363	0	254.6352725371	254.6352725371	1	1a398	398	40
3107	-0.380234335281057	0	141.006928053685	141.006928053685	1	1a399	399	40
1814	-0.0577234209068976	0	107.852907355945	107.852907355945	1	1a400	400	40
824	-0.172408606159509	0	275.399839323331	275.399839323331	1	1a401	401	41
2538	-0.974254536342727	0	209.329888416406	209.329888416406	1	1a402	402	41
2110	0.0565955772923697	0	265.997308528724	265.997308528724	1	1a403	403	41
280	0.687457520637232	0	105.636184336618	105.636184336618	1	1a404	404	41
3975	-0.861508773763372	0	107.498793746345	107.498793746345	1	1a405	405	41
370	0.848233587446231	0	210.191783484745	210.191783484745	1	1a406	406	41
439	0.402086309888527	1	507.063104750073	439	0	1a407	407	41
570	0.187634268454361	0	106.519917079277	106.519917079277	1	1a408	408	41
870	1.47813473157328	0	51.1614286806434	51.1614286806434	1	1a409	409	41
4184	-0.351415503762903	0	139.895404921845	139.895404921845	1	1a410	410	41
2016	-1.1013126945213	0	233.946515003893	233.946515003893	1	1a411	411	42
719	-0.0358370188031632	0	257.877318410876	257.877318410876	1	1a412	412	42
115	2.45126689311781	1	386.406772283322	115	0	1a413	413	42
4781	-1.84656242309325	0	144.495136220939	144.495136220939	1	1a414	414	42
639	0.291921673641451	0	124.64200775139	124.64200775139	1	1a415	415	42
60206	-1.27295834162394	0	507.546347544944	507.546347544944	1	1a416	416	42
44	0.978957237206195	1	739.248743238759	44	0	1a417	417	42
1338	-0.0227844127534209	0	42.9119718028232	42.9119718028232	1	1a418	418	42
68	1.86849626893186	0	29.5087053489764	29.5087053489764	1	1a419	419	42
30	1.74633504535026	1	338.401028950583	30	0	1a420	420	42
244	-0.289432087793841	0	6.61552639212459	6.61552639212459	1	1a421	421	43
278	-0.0306475571784845	1	646.253807118097	278	0	1a422	422	43
39	2.48130506078325	1	101.363655878231	39	0	1a423	423	43
2997	-1.26696242891605	0	185.33535103865	185.33535103865	1	1a424	424	43
21	0.710979768222414	1	427.023999013017	21	0	1a425	425	43
181	2.04170242197976	1	524.275461645955	181	0	1a426	426	43
216	0.758162599675726	0	145.175956306048	145.175956306048	1	1a427	427	43
1715	1.50792586945997	0	1.17251381743699	1.17251381743699	1	1a428	428	43
523	1.21184969339677	0	66.9847313547507	66.9847313547507	1	1a429	429	43
7086	-1.23942570845012	0	284.549959899375	284.549959899375	1	1a430	430	43
160	1.00713088681773	0	65.4921234818175	65.4921234818175	1	1a431	431	44
1548	0.171600352181879	0	1141.6229949634	1141.6229949634	1	1a432	432	44
29153	-0.701433027840706	0	78.2949728891253	78.2949728891253	1	1a433	433	44
273	-0.345324719911653	1	519.295725019133	273	0	1a434	434	44
372	-0.580683967929469	0	346.118021047416	346.118021047416	1	1a435	435	44
351	-0.751786693289168	1	486.765709684646	351	0	1a436	436	44
509	-0.830716262516042	0	399.013943545381	399.013943545381	1	1a437	437	44
869	0.257316252006618	0	64.1584106020514	64.1584106020514	1	1a438	438	44
13	2.2942559203873	1	623.220827864641	13	0	1a439	439	44
368	1.00993610279271	0	126.781249651685	126.781249651685	1	1a440	440	44
211	0.560485332768197	1	584.135061564082	211	0	1a441	441	45
12	0.895775404258821	1	675.219570720726	12	0	1a442	442	45
96	1.42503264837628	1	547.166093088896	96	0	1a443	443	45
17	-1.34234796438283	1	82.2475664317608	17	0	1a444	444	45
1774	-0.743962062365659	0	110.510073252954	110.510073252954	1	1a445	445	45
1106	0.0641989831615956	0	400.567698737091	400.567698737091	1	1a446	446	45
956	-1.31001773755195	0	245.557524618337	245.557524618337	1	1a447	447	45
580	0.233998071782252	0	420.738431604064	420.738431604064	1	1a448	448	45
156	0.384413621684854	0	47.4678366445005	47.4678366445005	1	1a449	449	45
3693	-1.21139785810486	0	243.903113817451	243.903113817451	1	1a450	450	45
1702	0.215264454198983	0	429.111768470562	429.111768470562	1	1a451	451	46
3426	-0.364436852036557	0	72.0200935611501	72.0200935611501	1	1a452	452	46
376	1.22576472983351	0	195.286983846429	195.286983846429	1	1a453	453	46
91	1.94635897239026	1	244.929959521371	91	0	1a454	454	46
442	1.09180031402368	0	11.507438645047	11.507438645047	1	1a455	455	46
184	1.12124185441695	1	580.97394902666	184	0	1a456	456	46
521	-0.218195301180982	0	9.11159380675711	9.11159380675711	1	1a457	457	46
529	-0.837930780691512	0	97.1993447458686	97.1993447458686	1	1a458	458	46
562	0.445367395031927	0	382.750220110124	382.750220110124	1	1a459	459	46
2693	0.719356937643206	0	449.938375016159	449.938375016159	1	1a460	460	46
90	1.66609876142891	1	144.643122795969	90	0	1a461	461	47
339	0.606078995480439	0	5.78385323751718	5.78385323751718	1	1a462	462	47
7248	-1.43015718861391	0	213.422494944561	213.422494944561	1	1a463	463	47
10	1.37263459044893	1	191.938969807118	10	0	1a464	464	47
107	0.502406782919752	1	210.790254454592	107	0	1a465	465	47
90	0.878231153537967	0	10.7232657469498	10.7232657469498	1	1a466	466	47
407	-0.497053036351574	0	66.0336750271909	66.0336750271909	1	1a467	467	47
0	-0.00510148098161273	1	292.418741152191	0	0	1a468	468	47
342	-0.0645110301917275	0	40.6857155138309	40.6857155138309	1	1a469	469	47
102	1.60310852591582	1	207.576454331384	102	0	1a470	470	47
18	1.02585132273246	1	152.910553035326	18	0	1a471	471	48
248	0.552199889786351	1	270.858051012012	248	0	1a472	472	48
577	0.053239602813293	0	199.063955866059	199.063955866059	1	1a473	473	48
7588	-0.635547854433293	0	522.660240664482	522.660240664482	1	1a474	474	48
788	-0.222517612405425	0	130.085546406917	130.085546406917	1	1a475	475	48
10070	-1.64867836850362	0	860.981890889716	860.981890889716	1	1a476	476	48
328	1.48728110619946	0	129.806603072211	129.806603072211	1	1a477	477	48
1403	-0.162520298482875	0	555.569530349269	555.569530349269	1	1a478	478	48
4464	-0.818897748298091	0	85.7329709688202	85.7329709688202	1	1a479	479	48
44	1.02036802467829	0	1.06863713960844	1.06863713960844	1	1a480	480	48
594	-1.85957720254651	1	652.983167817536	594	0	1a481	481	49
178	1.97419107472922	1	216.995651124013	178	0	1a482	482	49
74	0.563868046340355	1	134.993366431445	74	0	1a483	483	49
80	0.713143469949328	1	428.07686513052	80	0	1a484	484	49
2869	-0.997090740164541	0	797.420805278134	797.420805278134	1	1a485	485	49
429	-0.318986215055192	0	308.707949229258	308.707949229258	1	1a486	486	49
272	-0.130264806850996	1	474.159374812102	272	0	1a487	487	49
32475	-1.93435436608392	0	519.850726218379	519.850726218379	1	1a488	488	49
3376	-1.27326431184392	0	430.451339074073	430.451339074073	1	1a489	489	49
319	-1.5513587699331	0	86.7942104814574	86.7942104814574	1	1a490	490	49
122	0.646339166630731	0	83.8031760393007	83.8031760393007	1	1a491	491	50
5464	-1.7687908288608	0	727.579455780697	727.579455780697	1	1a492	492	50
38	-0.274331739843402	1	86.6298405453563	38	0	1a493	493	50
840	0.0196122603394384	0	393.126430434591	393.126430434591	1	1a494	494	50
1	0.15988953603424	1	973.562998178989	1	0	1a495	495	50
64	0.615510511351253	1	270.134480659592	64	0	1a496	496	50
87	1.52086860485266	0	33.2600626861677	33.2600626861677	1	1a497	497	50
6	0.52012671674793	1	10.4868094203994	6	0	1a498	498	50
237	-0.798183689268446	1	339.981357090849	237	0	1a499	499	50
15	1.63533814267817	1	162.362911505625	15	0	1a500	500	50
5	2.06145425888139	1	129.126200568862	5	0	1a501	501	51
80	0.306080607026791	1	84.6204630797729	80	0	1a502	502	51
272	0.819453916752068	0	50.9810912190005	50.9810912190005	1	1a503	503	51
312	0.983088675133765	0	203.042386787686	203.042386787686	1	1a504	504	51
10	2.93192420215435	1	329.097585509273	10	0	1a505	505	51
485	-1.23897741339322	1	890.316621813566	485	0	1a506	506	51
66	0.853000709921465	1	271.487166396084	66	0	1a507	507	51
1368	-1.22138038008039	0	142.452437812098	142.452437812098	1	1a508	508	51
306	1.10305574362226	0	18.8079873512061	18.8079873512061	1	1a509	509	51
37	0.599717701176775	1	586.989429184811	37	0	1a510	510	51
380	0.748149056347418	0	172.16126783751	172.16126783751	1	1a511	511	52
90	0.750428422904672	1	111.048294813372	90	0	1a512	512	52
148	-0.632853528521517	1	261.027837394479	148	0	1a513	513	52
112	1.18670672470176	0	48.4307449078187	48.4307449078187	1	1a514	514	52
7080	-1.6197678027319	0	104.183162277682	104.183162277682	1	1a515	515	52
928	-0.88016597552185	0	100.356188835576	100.356188835576	1	1a516	516	52
4121	-0.567217656223262	0	151.359375799075	151.359375799075	1	1a517	517	52
1213	0.261884163914411	0	322.556559451598	322.556559451598	1	1a518	518	52
24	0.483350365724611	1	79.2590492637828	24	0	1a519	519	52
793	0.597527005577766	0	121.201981275227	121.201981275227	1	1a520	520	52
3851	0.377479665772978	0	65.1488623116165	65.1488623116165	1	1a521	521	53
210	-0.101396431552117	1	1350.4494842338	210	0	1a522	522	53
976	0.15298251919595	0	157.210301142186	157.210301142186	1	1a523	523	53
4356	-0.3626159734885	0	279.550139781761	279.550139781761	1	1a524	524	53
1405	0.437590551126616	0	53.900507860817	53.900507860817	1	1a525	525	53
3633	-0.196756868903835	0	12.4312670668587	12.4312670668587	1	1a526	526	53
165	1.21910002395421	1	514.751818010068	165	0	1a527	527	53
432	0.629379230319063	0	105.220817960799	105.220817960799	1	1a528	528	53
216	0.266369885822911	0	2.40692075289489	2.40692075289489	1	1a529	529	53
2798	0.106136286468635	0	630.653240220779	630.653240220779	1	1a530	530	53
6292	0.372633866539996	0	198.048634211275	198.048634211275	1	1a531	531	54
751	0.390799798222931	1	938.354460122913	751	0	1a532	532	54
1449	-0.168605501321924	0	469.020071479461	469.020071479461	1	1a533	533	54
368	-0.576436176671008	0	2.93482467532158	2.93482467532158	1	1a534	534	54
2132	-0.548514041620994	0	1154.15969205307	1154.15969205307	1	1a535	535	54
1296	-0.371748033630069	0	38.9220422194241	38.9220422194241	1	1a536	536	54
28	-0.485261929938185	1	128.754321485206	28	0	1a537	537	54
1587	-0.0704435042705154	0	707.538856151414	707.538856151414	1	1a538	538	54
1704	-1.36122945746206	0	681.771981032723	681.771981032723	1	1a539	539	54
1748	-0.626841651769115	0	41.4887667866424	41.4887667866424	1	1a540	540	54
9642	-2.78119044410689	0	34.1373184928671	34.1373184928671	1	1a541	541	55
2147	-1.78066803351867	0	264.382682497355	264.382682497355	1	1a542	542	55
180	0.830341247505627	0	125.16295525711	125.16295525711	1	1a543	543	55
566	-0.881595070300864	0	116.860004258342	116.860004258342	1	1a544	544	55
26344	-2.11783394306851	0	169.17909111362	169.17909111362	1	1a545	545	55
6611	-1.15712277251277	0	15.2312498539686	15.2312498539686	1	1a546	546	55
148	1.09190533616207	0	125.759734982693	125.759734982693	1	1a547	547	55
14629	-1.34334322682651	0	164.009926025756	164.009926025756	1	1a548	548	55
1889	-0.209506853979828	0	4.51724996085414	4.51724996085414	1	1a549	549	55
45	0.837193491679029	0	27.446864056401	27.446864056401	1	1a550	550	55
82	0.145180771112239	1	139.162205625325	82	0	1a551	551	56
211	-1.98610236805059	0	72.448882167599	72.448882167599	1	1a552	552	56
1365	-0.254501262210469	0	235.819086654785	235.819086654785	1	1a553	553	56
2056	0.207141826225239	0	399.756011062806	399.756011062806	1	1a554	554	56
82	0.372722988169943	0	39.890420390293	39.890420390293	1	1a555	555	56
593	-0.809344124268424	0	170.2452985337	170.2452985337	1	1a556	556	56
547	0.13441458045222	0	179.3703098258	179.3703098258	1	1a557	557	56
434	-1.01234653793193	1	856.225393670511	434	0	1a558	558	56
3716	-0.995483067042157	0	29.71405046992	29.71405046992	1	1a559	559	56
3264	-0.36165311760718	0	277.715002425843	277.715002425843	1	1a560	560	56
29	0.891029623746602	1	113.28005627729	29	0	1a561	561	57
81	0.226691795272708	0	54.732071918311	54.732071918311	1	1a562	562	57
1152	-1.42829370404514	0	70.7297634799033	70.7297634799033	1	1a563	563	57
410	-0.955212016776305	0	210.849924468178	210.849924468178	1	1a564	564	57
689	0.83554836544653	0	196.459206738634	196.459206738634	1	1a565	565	57
125	0.637011997828137	1	301.191947412419	125	0	1a566	566	57
858	1.73580607149409	0	18.2083486234346	18.2083486234346	1	1a567	567	57
150	-0.106812171872458	1	178.218781239095	150	0	1a568	568	57
347	0.679103168685917	0	100.986002816441	100.986002816441	1	1a569	569	57
22666	-0.815271609168077	0	19.8569693418889	19.8569693418889	1	1a570	570	57
1268	-0.432906884663754	0	4.0366878051703	4.0366878051703	1	1a571	571	58
74	-0.525962304264274	1	503.636698916226	74	0	1a572	572	58
192	0.952764139633092	0	172.480853507295	172.480853507295	1	1a573	573	58
711	0.683413641920583	1	1345.42905951018	711	0	1a574	574	58
152	-1.39560436410653	1	173.446532095525	152	0	1a575	575	58
205	0.94815570798366	0	25.3343154648616	25.3343154648616	1	1a576	576	58
346	-0.889643933961104	1	349.744613576454	346	0	1a577	577	58
939	-0.0649144192135702	0	409.858818695146	409.858818695146	1	1a578	578	58
3919	-0.48966523914036	0	646.67496800437	646.67496800437	1	1a579	579	58
400	1.16332868893553	0	217.482519635636	217.482519635636	1	1a580	580	58
3029	1.03202673363198	0	483.994177987284	483.994177987284	1	1a581	581	59
204	1.01368464939436	0	53.7390462535284	53.7390462535284	1	1a582	582	59
4149	-0.902248987327022	0	222.856584227386	222.856584227386	1	1a583	583	59
639	0.705622912274542	0	29.3102602382132	29.3102602382132	1	1a584	584	59
899	-0.000761055229401651	0	39.5820314481488	39.5820314481488	1	1a585	585	59
157	-0.922012733386509	1	483.259346315122	157	0	1a586	586	59
1715	-0.0999825482706196	0	452.432370723641	452.432370723641	1	1a587	587	59
7	-0.344421878781341	1	125.664723687805	7	0	1a588	588	59
226	-0.356733994483373	1	479.824115966863	226	0	1a589	589	59
1037	-0.497019031370245	0	210.578122528066	210.578122528066	1	1a590	590	59
27	1.20543665388693	1	344.794694789428	27	0	1a591	591	60
154	1.44625048983743	0	73.90369814454	73.90369814454	1	1a592	592	60
701	0.576275281167991	0	258.025336534458	258.025336534458	1	1a593	593	60
50	1.24160946440079	0	25.3902007825673	25.3902007825673	1	1a594	594	60
108	0.028227559665055	1	452.200343811369	108	0	1a595	595	60
2577	-0.500208763379011	0	512.42622125656	512.42622125656	1	1a596	596	60
2680	-0.529720773749939	0	200.4839576354	200.4839576354	1	1a597	597	60
41	2.87626986456019	1	285.471236555579	41	0	1a598	598	60
2138	0.0238499444424689	0	819.613577756	819.613577756	1	1a599	599	60
54	-0.275105542636481	0	46.9949656398967	46.9949656398967	1	1a600	600	60
169	1.38944584356409	1	481.416514588004	169	0	1a601	601	61
3690	0.0322262458751486	0	93.4370996017167	93.4370996017167	1	1a602	602	61
80	1.2243506870957	0	32.5547594705432	32.5547594705432	1	1a603	603	61
880	-0.129589708475467	0	175.930550514219	175.930550514219	1	1a604	604	61
1133	-1.09194633138479	0	254.214775738049	254.214775738049	1	1a605	605	61
395	-0.194018595888664	0	257.435806085098	257.435806085098	1	1a606	606	61
780	0.514967400309878	0	191.56868792516	191.56868792516	1	1a607	607	61
5998	-0.799140629016176	0	310.080691230226	310.080691230226	1	1a608	608	61
883	0.0120607383616959	0	593.389768587583	593.389768587583	1	1a609	609	61
2211	-0.978489624140735	0	220.903526748273	220.903526748273	1	1a610	610	61
1872	0.641950359702265	0	253.162234079766	253.162234079766	1	1a611	611	62
6	1.87680699524332	1	230.642572034824	6	0	1a612	612	62
171	0.895527829513047	1	273.252371920946	171	0	1a613	613	62
8078	-1.10556946803477	0	404.136414128622	404.136414128622	1	1a614	614	62
940	0.538142530905213	0	517.718564232296	517.718564232296	1	1a615	615	62
3633	-0.332768748979673	0	111.662620562129	111.662620562129	1	1a616	616	62
1247	0.0752543997337912	0	1079.67085850643	1079.67085850643	1	1a617	617	62
61	-0.896902114267475	1	1399.88099202382	61	0	1a618	618	62
690	0.0544103063159987	0	87.0924581540748	87.0924581540748	1	1a619	619	62
565	0.849719360053986	0	357.377849600614	357.377849600614	1	1a620	620	62
146	-0.293502144638219	0	143.062039627694	143.062039627694	1	1a621	621	63
116	-0.370722268208286	0	36.020336411455	36.020336411455	1	1a622	622	63
2951	-0.555092819025949	0	0.288536330645949	0.288536330645949	1	1a623	623	63
16362	-0.869738692443694	0	59.3259128509089	59.3259128509089	1	1a624	624	63
335	1.39462896440267	1	386.109694351858	335	0	1a625	625	63
52	2.61644289400575	1	899.245080016197	52	0	1a626	626	63
4884	-1.94310412406104	0	90.0726929539815	90.0726929539815	1	1a627	627	63
484	2.12417877226558	0	380.862418541169	380.862418541169	1	1a628	628	63
487	0.487921951501441	0	410.922763741322	410.922763741322	1	1a629	629	63
272	-0.28559217018337	0	56.1144412495196	56.1144412495196	1	1a630	630	63
906	0.286883783056562	0	202.424153907898	202.424153907898	1	1a631	631	64
1028	0.0954166301923649	0	231.859738462347	231.859738462347	1	1a632	632	64
2152	-0.253625770523559	0	90.0154762202874	90.0154762202874	1	1a633	633	64
36	1.52819824499609	1	42.0932163251564	36	0	1a634	634	64
886	-0.275844983211272	0	509.544379522509	509.544379522509	1	1a635	635	64
722	1.33899632161404	0	34.6014517126605	34.6014517126605	1	1a636	636	64
893	-0.0878262619005414	0	15.5200426233932	15.5200426233932	1	1a637	637	64
5100	-1.03538890862703	0	386.565288973457	386.565288973457	1	1a638	638	64
827	-0.891473185386905	1	1136.86991928419	827	0	1a639	639	64
421	-0.467415931189156	0	276.395088516849	276.395088516849	1	1a640	640	64
298	0.113096052835587	1	311.96776916154	298	0	1a641	641	65
2739	-0.158974063589607	0	132.574886200018	132.574886200018	1	1a642	642	65
108	-0.95613206031784	0	107.248202664778	107.248202664778	1	1a643	643	65
496	-1.38223049690261	0	155.602156301029	155.602156301029	1	1a644	644	65
2741	0.0799075141087225	0	264.370232111517	264.370232111517	1	1a645	645	65
283	-0.319880443985246	1	307.926231984723	283	0	1a646	646	65
4425	-0.992342206283249	0	240.620280066793	240.620280066793	1	1a647	647	65
310	-0.245349660310565	0	12.5955266190263	12.5955266190263	1	1a648	648	65
1705	-1.65475051510673	0	258.998410532925	258.998410532925	1	1a649	649	65
2561	-1.51943323076337	0	323.245148862454	323.245148862454	1	1a650	650	65
1533	-0.0725342086227636	0	216.298178526315	216.298178526315	1	1a651	651	66
307	-1.35660730495011	1	668.213650087053	307	0	1a652	652	66
152	1.1072298853984	1	424.102443715042	152	0	1a653	653	66
191	0.623446348058263	1	619.21920298242	191	0	1a654	654	66
930	0.579653761881917	0	131.501093799161	131.501093799161	1	1a655	655	66
2218	-2.12355835756059	0	606.925532655948	606.925532655948	1	1a656	656	66
672	-0.793013851843321	0	489.301222355521	489.301222355521	1	1a657	657	66
3316	-0.815507329817925	0	100.996063323691	100.996063323691	1	1a658	658	66
1763	0.635883530113988	0	460.188175462228	460.188175462228	1	1a659	659	66
32092	-1.21144733585594	0	312.347590447146	312.347590447146	1	1a660	660	66
787	0.738795800897891	0	53.9102967595682	53.9102967595682	1	1a661	661	67
5486	-3.14801095535545	0	349.794204325831	349.794204325831	1	1a662	662	67
173	0.133385989954936	0	13.2004627987566	13.2004627987566	1	1a663	663	67
505	-0.314639169470716	0	218.20329345305	218.20329345305	1	1a664	664	67
4735	-1.47662573578982	0	435.651841552413	435.651841552413	1	1a665	665	67
805	-1.18050331132451	0	141.113974619657	141.113974619657	1	1a666	666	67
231	0.366818454389916	1	289.956571989435	231	0	1a667	667	67
1013	-0.0427186012889138	0	20.7686654757708	20.7686654757708	1	1a668	668	67
5261	-1.98610964586622	0	224.321499456394	224.321499456394	1	1a669	669	67
2592	-1.84932170018519	0	178.557573720677	178.557573720677	1	1a670	670	67
4140	1.23297302979602	0	116.795337409712	116.795337409712	1	1a671	671	68
913	-0.0837668676002321	0	112.515322398394	112.515322398394	1	1a672	672	68
1212	0.487598941083839	0	7.80872418545187	7.80872418545187	1	1a673	673	68
3288	-0.249949227299923	0	98.5323851732066	98.5323851732066	1	1a674	674	68
88	1.00830586964327	0	68.2850293815136	68.2850293815136	1	1a675	675	68
79	0.405815555089854	1	113.316440489143	79	0	1a676	676	68
39114	-2.47496411559223	0	422.623581351521	422.623581351521	1	1a677	677	68
4476	0.528708280385394	0	1233.75758195395	1233.75758195395	1	1a678	678	68
4141	-0.189902260773101	0	2.79387587215751	2.79387587215751	1	1a679	679	68
586	-0.190097227482318	0	320.254862530831	320.254862530831	1	1a680	680	68
367	0.43910957142121	0	335.323672498319	335.323672498319	1	1a681	681	69
5619	-1.01895639044574	0	1212.68456888603	1212.68456888603	1	1a682	682	69
2915	-0.515097002254824	0	6.27752207219601	6.27752207219601	1	1a683	683	69
8004	-1.23326971562666	0	129.492692416534	129.492692416534	1	1a684	684	69
540	-0.831405128726702	0	421.622565349582	421.622565349582	1	1a685	685	69
3238	-1.10072255989659	0	214.952273749489	214.952273749489	1	1a686	686	69
1487	-0.591085002364598	0	482.79246825487	482.79246825487	1	1a687	687	69
1296	-1.20332189500328	0	260.51876786046	260.51876786046	1	1a688	688	69
1118	-0.0965493295951843	0	624.171331027681	624.171331027681	1	1a689	689	69
8	1.75086719966569	1	47.5775534287095	8	0	1a690	690	69
508	0.948216858443464	0	123.238907428458	123.238907428458	1	1a691	691	70
394	-0.228041830391505	0	117.336710798554	117.336710798554	1	1a692	692	70
2860	0.0897542943662568	0	290.19439848021	290.19439848021	1	1a693	693	70
29	0.427108748969451	1	71.8588394811377	29	0	1a694	694	70
352	-0.177018026515793	0	48.0768114794046	48.0768114794046	1	1a695	695	70
3634	0.894929464839314	0	308.709350171241	308.709350171241	1	1a696	696	70
32562	-0.947068552628477	0	29.4635033762671	29.4635033762671	1	1a697	697	70
473	0.514799194055379	1	632.320962349111	473	0	1a698	698	70
504	1.01884639901908	0	81.4447052714765	81.4447052714765	1	1a699	699	70
4351	0.0713803283066528	0	33.5960540050655	33.5960540050655	1	1a700	700	70
1206	-1.56071946599271	0	47.7506420575082	47.7506420575082	1	1a701	701	71
2614	0.123582629159936	0	602.745118393817	602.745118393817	1	1a702	702	71
257	0.281361181849169	0	7.18776937170671	7.18776937170671	1	1a703	703	71
208	0.104625115717212	0	167.875530547462	167.875530547462	1	1a704	704	71
43	2.03964851818843	0	27.5781030068174	27.5781030068174	1	1a705	705	71
3746	-0.229312551293247	0	208.505959755016	208.505959755016	1	1a706	706	71
47	0.660472544457944	1	366.387255468822	47	0	1a707	707	71
287	0.313930567841809	0	112.901357235387	112.901357235387	1	1a708	708	71
1406	0.223398470225799	0	196.905928126146	196.905928126146	1	1a709	709	71
35	3.08940163287589	1	47.7579103317112	35	0	1a710	710	71
118	0.231227689251724	0	64.1027023084462	64.1027023084462	1	1a711	711	72
1557	0.305962737428972	0	818.556245374394	818.556245374394	1	1a712	712	72
2015	-1.77562373946207	0	4.12401408104939	4.12401408104939	1	1a713	713	72
30	1.58776886844131	1	154.729793546721	30	0	1a714	714	72
494	0.549553197456766	0	375.142284910923	375.142284910923	1	1a715	715	72
1177	0.123983440188928	0	12.0947327231988	12.0947327231988	1	1a716	716	72
1419	-0.253598286042479	0	566.326468861665	566.326468861665	1	1a717	717	72
593	0.88734210609069	0	411.371624420033	411.371624420033	1	1a718	718	72
165	0.456111592457534	1	253.907221623353	165	0	1a719	719	72
421	-1.63949131211769	0	47.2313183091428	47.2313183091428	1	1a720	720	72
496	-0.194448873155633	0	310.334620986807	310.334620986807	1	1a721	721	73
26545	-1.05102948340203	0	290.512001916581	290.512001916581	1	1a722	722	73
2473	-1.05742780483475	0	294.958925795484	294.958925795484	1	1a723	723	73
2715	-0.888470579245333	0	103.773883543909	103.773883543909	1	1a724	724	73
2992	0.131678084969502	0	171.797938179225	171.797938179225	1	1a725	725	73
4653	-0.748667032054596	0	83.7501079076901	83.7501079076901	1	1a726	726	73
591	-1.224397771111	0	26.0100124239882	26.0100124239882	1	1a727	727	73
923	0.792992652905388	0	232.713621179144	232.713621179144	1	1a728	728	73
2407	0.00860923070719585	0	51.5799357090145	51.5799357090145	1	1a729	729	73
62	-0.307547552431284	1	332.417902060527	62	0	1a730	730	73
88	-0.889303282751595	0	7.05418549791898	7.05418549791898	1	1a731	731	74
344	1.73579257201175	1	1580.74830410192	344	0	1a732	732	74
799	0.396520732913372	0	267.889145751226	267.889145751226	1	1a733	733	74
7210	-0.510858080640692	0	29.0087186731398	29.0087186731398	1	1a734	734	74
432	-0.49763861059463	0	26.9250200362876	26.9250200362876	1	1a735	735	74
178	0.296492600106293	0	91.2173617398366	91.2173617398366	1	1a736	736	74
214	2.77312118728119	0	68.0431299842894	68.0431299842894	1	1a737	737	74
617	0.847253200536601	0	259.515769536349	259.515769536349	1	1a738	738	74
316	1.24668813210522	0	166.477042948827	166.477042948827	1	1a739	739	74
122	1.05487104516175	0	35.8986035484236	35.8986035484236	1	1a740	740	74
1723	-0.275151438975205	0	572.955400185818	572.955400185818	1	1a741	741	75
3138	-1.17321692513682	0	328.545203421938	328.545203421938	1	1a742	742	75
3031	-2.05065652426773	0	39.3807172591273	39.3807172591273	1	1a743	743	75
109	-0.327430165236111	0	26.8017383059487	26.8017383059487	1	1a744	744	75
328	0.159039646600564	0	242.083715261413	242.083715261413	1	1a745	745	75
843	0.259565085177159	0	105.180027676244	105.180027676244	1	1a746	746	75
4	1.13560997565914	1	93.0959512479603	4	0	1a747	747	75
103	0.6509513594279	0	39.2991827102378	39.2991827102378	1	1a748	748	75
3117	-1.66440144141325	0	96.0282754385844	96.0282754385844	1	1a749	749	75
4449	-0.407968144171373	0	35.3975507086417	35.3975507086417	1	1a750	750	75
107	1.42497714315918	1	1497.95752382817	107	0	1a751	751	76
1269	0.799536012703127	0	34.7257060930133	34.7257060930133	1	1a752	752	76
2969	-0.691704814550324	0	402.153987882143	402.153987882143	1	1a753	753	76
1125	0.244078304508957	0	7.96108669601381	7.96108669601381	1	1a754	754	76
2044	-1.20045894764504	0	107.369097415358	107.369097415358	1	1a755	755	76
20945	-1.6465803983432	0	19.4596332918021	19.4596332918021	1	1a756	756	76
10	-0.345353149026041	1	325.079687860537	10	0	1a757	757	76
642	-0.738243555232795	0	598.617252192621	598.617252192621	1	1a758	758	76
1174	0.0667633648958357	0	142.915471456945	142.915471456945	1	1a759	759	76
367	-1.10384911672433	0	104.910427005962	104.910427005962	1	1a760	760	76
22	1.74536681568176	1	490.204165668643	22	0	1a761	761	77
16459	-1.70079492452422	0	90.1629275132299	90.1629275132299	1	1a762	762	77
98	0.668473382780671	1	313.229663752693	98	0	1a763	763	77
1666	0.952675426660572	0	95.7854730077088	95.7854730077088	1	1a764	764	77
1354	0.291396280645238	0	99.0457868902013	99.0457868902013	1	1a765	765	77
3892	-0.0346365960262306	0	1116.14202422308	1116.14202422308	1	1a766	766	77
644	1.35659176196166	0	98.9051218961532	98.9051218961532	1	1a767	767	77
277	-0.474511120471665	0	10.2780936641184	10.2780936641184	1	1a768	768	77
1910	-0.0913658783681323	0	483.656034318215	483.656034318215	1	1a769	769	77
3436	0.125775762656104	0	131.566927419044	131.566927419044	1	1a770	770	77
76	0.481138842768742	0	60.9356109052896	60.9356109052896	1	1a771	771	78
1253	-0.234895716763757	0	165.331662050448	165.331662050448	1	1a772	772	78
128	-1.77109708235971	0	18.4071850143225	18.4071850143225	1	1a773	773	78
99	0.280002490422382	1	153.22165156249	99	0	1a774	774	78
930	-0.517793176400691	0	343.216413621533	343.216413621533	1	1a775	775	78
78	1.02254208893133	1	203.969318591882	78	0	1a776	776	78
514	-0.0634192291951991	0	74.5548397535458	74.5548397535458	1	1a777	777	78
547	-0.849770467909995	0	14.0324404928833	14.0324404928833	1	1a778	778	78
2092	-2.12184850078581	0	475.317858138537	475.317858138537	1	1a779	779	78
4516	-1.66502384977492	0	116.022511618212	116.022511618212	1	1a780	780	78
2382	0.719990095756666	0	133.753430331126	133.753430331126	1	1a781	781	79
29	0.354121802858311	1	619.635089734727	29	0	1a782	782	79
2062	-0.502137722837581	0	322.923595540899	322.923595540899	1	1a783	783	79
141	0.512754814985428	1	412.007883635765	141	0	1a784	784	79
62	0.299689010314185	1	219.309918857529	62	0	1a785	785	79
382	0.228196481178498	0	179.39036702736	179.39036702736	1	1a786	786	79
1804	-0.514712558904085	0	666.58755189716	666.58755189716	1	1a787	787	79
6793	-0.459489105832787	0	38.5539540964084	38.5539540964084	1	1a788	788	79
105	0.722274948393192	1	146.568122203462	105	0	1a789	789	79
1910	0.13461017709073	0	730.340488213015	730.340488213015	1	1a790	790	79
239	0.176667344716749	0	7.29467256469437	7.29467256469437	1	1a791	791	80
1921	-0.497066188600857	0	35.3912487626076	35.3912487626076	1	1a792	792	80
641	1.30758499869286	0	616.490438766253	616.490438766253	1	1a793	793	80
789	0.761931376026671	0	60.8542312402278	60.8542312402278	1	1a794	794	80
211	1.09902468608042	1	517.736224902278	211	0	1a795	795	80
82	0.114934593954726	0	61.7500907974318	61.7500907974318	1	1a796	796	80
3481	0.0666500233244093	0	44.2287432961166	44.2287432961166	1	1a797	797	80
3029	-0.955059425003864	0	876.969562325269	876.969562325269	1	1a798	798	80
2495	0.157727591571542	0	2.20967712812126	2.20967712812126	1	1a799	799	80
454	0.489861979797795	0	120.987068978138	120.987068978138	1	1a800	800	80
1072	-0.796096959161151	0	182.327374226627	182.327374226627	1	1a801	801	81
2489	-0.698866392892775	0	58.1273285206407	58.1273285206407	1	1a802	802	81
117	-0.548628159950983	1	681.075935686165	117	0	1a803	803	81
995	-0.250873629041475	0	187.177043443495	187.177043443495	1	1a804	804	81
346	-0.373318584255623	0	61.1000117902473	61.1000117902473	1	1a805	805	81
2744	0.815911375440709	0	1152.608616131	1152.608616131	1	1a806	806	81
129	1.53199752541902	1	318.294073211703	129	0	1a807	807	81
6	0.420515921063456	1	16.4299259195104	6	0	1a808	808	81
27713	-1.64748105961739	0	102.015060184085	102.015060184085	1	1a809	809	81
1011	-0.328768832147121	0	650.33646157586	650.33646157586	1	1a810	810	81
1837	-0.674584182513468	0	75.8318257285282	75.8318257285282	1	1a811	811	82
1572	0.03259367724416	0	98.6415927764028	98.6415927764028	1	1a812	812	82
158	-0.208985135555251	1	396.936987040049	158	0	1a813	813	82
3426	0.0933953090133427	0	260.380341692017	260.380341692017	1	1a814	814	82
92	-0.0853717035424214	1	125.953650102019	92	0	1a815	815	82
5483	-2.46590513086372	0	416.382411939508	416.382411939508	1	1a816	816	82
601	-0.301827884047564	0	195.167444508516	195.167444508516	1	1a817	817	82
274	-0.369687860909833	0	228.454235697839	228.454235697839	1	1a818	818	82
4437	-0.930911761363434	0	1192.33164650606	1192.33164650606	1	1a819	819	82
78	1.59365898178323	1	256.871231821108	78	0	1a820	820	82
8643	-0.931149991511592	0	501.956368775523	501.956368775523	1	1a821	821	83
2652	-1.44663555358806	0	51.5438543658641	51.5438543658641	1	1a822	822	83
1579	1.04545592615984	0	624.645161876613	624.645161876613	1	1a823	823	83
1058	-0.693475202716638	0	22.544572661095	22.544572661095	1	1a824	824	83
7207	-2.61811638288306	0	144.080600235611	144.080600235611	1	1a825	825	83
833	-0.582254138171755	0	555.272760230831	555.272760230831	1	1a826	826	83
169	1.18716852804966	1	181.414899871427	169	0	1a827	827	83
585	1.35080802055688	1	852.407792541099	585	0	1a828	828	83
15	-0.0628855355884102	1	194.854741672727	15	0	1a829	829	83
7178	-0.159646207485106	0	291.159876844588	291.159876844588	1	1a830	830	83
50	-0.136123602273381	1	607.893379839295	50	0	1a831	831	84
4285	-0.13575472849377	0	17.5360016725608	17.5360016725608	1	1a832	832	84
64	0.222407739936802	1	299.382721994746	64	0	1a833	833	84
1571	-1.48792910501537	0	506.895942126817	506.895942126817	1	1a834	834	84
10333	-0.744979018907083	0	1515.8200225884	1515.8200225884	1	1a835	835	84
816	-0.585904147568861	0	159.467350575142	159.467350575142	1	1a836	836	84
1584	0.215828292483475	0	188.172009007192	188.172009007192	1	1a837	837	84
155	1.48960576114	0	20.409386488609	20.409386488609	1	1a838	838	84
253	-1.32521952518193	0	30.2018736636661	30.2018736636661	1	1a839	839	84
620	0.546343381621817	0	101.118314778432	101.118314778432	1	1a840	840	84
129	0.753343900429379	1	259.082394175905	129	0	1a841	841	85
123	-0.139446736854375	1	464.718099138832	123	0	1a842	842	85
400	0.0716323383692292	0	172.712469589897	172.712469589897	1	1a843	843	85
33	1.83309560990759	1	269.32559487291	33	0	1a844	844	85
35106	-2.37152426476167	0	392.525878248221	392.525878248221	1	1a845	845	85
57	0.121679918279172	0	15.4588375906857	15.4588375906857	1	1a846	846	85
2165	-0.205012411153497	0	178.999074637306	178.999074637306	1	1a847	847	85
4559	-1.04767927873525	0	111.978370230645	111.978370230645	1	1a848	848	85
380	-0.12750462803521	0	124.780624639243	124.780624639243	1	1a849	849	85
69	0.801945780124266	1	225.572939020324	69	0	1a850	850	85
301	0.343574308871123	0	19.3352540227138	19.3352540227138	1	1a851	851	86
2473	-1.43312671105004	0	163.972040289082	163.972040289082	1	1a852	852	86
61	0.546710656616018	0	58.1907378306474	58.1907378306474	1	1a853	853	86
1771	1.65435611459971	0	308.889216267246	308.889216267246	1	1a854	854	86
4324	-1.64553741802598	0	308.321809385645	308.321809385645	1	1a855	855	86
6217	-1.18858120432647	0	74.5414887787774	74.5414887787774	1	1a856	856	86
3235	-0.456665157721842	0	519.145701990879	519.145701990879	1	1a857	857	86
1978	-0.585237637923632	0	20.1139501295984	20.1139501295984	1	1a858	858	86
1325	1.24505759214306	0	487.527099882668	487.527099882668	1	1a859	859	86
800	0.729243479898667	0	164.392249679594	164.392249679594	1	1a860	860	86
310	0.541556868659323	1	361.973616708806	310	0	1a861	861	87
11033	-0.823161857797851	0	766.537291887117	766.537291887117	1	1a862	862	87
107	0.904692305555236	0	15.8277265105581	15.8277265105581	1	1a863	863	87
365	0.384388196068239	0	2.3993906076445	2.3993906076445	1	1a864	864	87
1615	0.0862840384788211	0	49.191884463653	49.191884463653	1	1a865	865	87
3681	-0.812850128779382	0	650.804505186313	650.804505186313	1	1a866	866	87
1003	-1.44863692081343	0	242.894790947661	242.894790947661	1	1a867	867	87
3373	-0.648834959071791	0	80.4424313828349	80.4424313828349	1	1a868	868	87
240	1.29715338675642	0	130.878063617274	130.878063617274	1	1a869	869	87
260	0.510581434917495	0	68.5240993483987	68.5240993483987	1	1a870	870	87
171	2.22594678180174	1	173.302395258772	171	0	1a871	871	88
480	-0.646271467595686	0	154.120340594091	154.120340594091	1	1a872	872	88
121	1.00022482453221	0	3.09438314790223	3.09438314790223	1	1a873	873	88
90	0.110122133569915	0	74.9138997634873	74.9138997634873	1	1a874	874	88
1835	-0.0503881038673001	0	239.643476892936	239.643476892936	1	1a875	875	88
9	1.02924070000516	1	289.064133063632	9	0	1a876	876	88
396	0.980078208004216	0	40.8566014375538	40.8566014375538	1	1a877	877	88
804	-0.199105946330082	0	144.144441466779	144.144441466779	1	1a878	878	88
266	0.080395512683961	0	101.612867628676	101.612867628676	1	1a879	879	88
2619	-0.852126772606011	0	102.567047020429	102.567047020429	1	1a880	880	88
106	1.46537442101798	1	157.724754069932	106	0	1a881	881	89
793	0.240761695843264	0	435.391192146333	435.391192146333	1	1a882	882	89
4354	-0.852448816772138	0	231.648017176169	231.648017176169	1	1a883	883	89
6104	-1.12676430793385	0	305.878252898187	305.878252898187	1	1a884	884	89
2038	-0.335713444354486	0	292.940661766309	292.940661766309	1	1a885	885	89
418	-1.1464282168192	0	192.222559348422	192.222559348422	1	1a886	886	89
644	0.835420577532903	0	135.5249164626	135.5249164626	1	1a887	887	89
784	-0.19658713771351	0	196.263920434173	196.263920434173	1	1a888	888	89
112	-0.407577527686987	1	370.444200995408	112	0	1a889	889	89
285	-0.606872619168717	0	60.4715589433908	60.4715589433908	1	1a890	890	89
155	1.05167061924659	1	514.858750139779	155	0	1a891	891	90
1962	-1.04331960072114	0	131.747587583959	131.747587583959	1	1a892	892	90
1649	0.356255003090943	0	156.653542071581	156.653542071581	1	1a893	893	90
27	-0.0222954621522301	1	138.733315048739	27	0	1a894	894	90
3306	0.102585788951854	0	187.108970702368	187.108970702368	1	1a895	895	90
975	-0.779108260321206	0	29.9886196153238	29.9886196153238	1	1a896	896	90
736	-0.904622133183995	0	133.804640267044	133.804640267044	1	1a897	897	90
4996	-0.822229058633352	0	150.440745754167	150.440745754167	1	1a898	898	90
180	0.541318503222163	1	419.448279754675	180	0	1a899	899	90
4496	-1.1926170455531	0	228.433952190656	228.433952190656	1	1a900	900	90
10121	-1.48870045613287	0	452.722860013551	452.722860013551	1	1a901	901	91
12676	-0.862922249412738	0	9.10047360230237	9.10047360230237	1	1a902	902	91
138	0.946505996921997	1	192.185320951762	138	0	1a903	903	91
189	-0.260984163239021	1	814.429350155306	189	0	1a904	904	91
115	0.801321342311143	1	185.070223164487	115	0	1a905	905	91
1183	1.22800668608805	0	166.882507270202	166.882507270202	1	1a906	906	91
520	-0.790323014322902	0	89.1801959369332	89.1801959369332	1	1a907	907	91
272	0.531829166460273	1	655.484342450434	272	0	1a908	908	91
384	1.61646700732635	0	22.4703686544672	22.4703686544672	1	1a909	909	91
749	0.872380213817889	0	56.6413907865598	56.6413907865598	1	1a910	910	91
134	1.27173778701875	0	103.629063465632	103.629063465632	1	1a911	911	92
251	0.0140244544082335	0	181.137745953603	181.137745953603	1	1a912	912	92
224	-1.2914331958966	0	30.214874387604	30.214874387604	1	1a913	913	92
3171	-2.1130011476499	0	504.648145732886	504.648145732886	1	1a914	914	92
6405	-1.06773104720542	0	8.68220464326441	8.68220464326441	1	1a915	915	92
466	0.969520018248605	0	5.02470001683904	5.02470001683904	1	1a916	916	92
207	-0.326241079830036	0	147.142385249026	147.142385249026	1	1a917	917	92
552	-0.588952842370756	0	171.493348898366	171.493348898366	1	1a918	918	92
35	0.408592539121943	1	67.1311976211296	35	0	1a919	919	92
750	1.31196886485692	0	178.038856004107	178.038856004107	1	1a920	920	92
2643	-0.347699610890621	0	591.61606195026	591.61606195026	1	1a921	921	93
1085	-1.17172844467103	0	23.4380481997505	23.4380481997505	1	1a922	922	93
15	1.10386897290651	1	440.345029791302	15	0	1a923	923	93
22	1.7223726560994	1	331.138046680692	22	0	1a924	924	93
2612	-1.74299859177891	0	67.8568424191326	67.8568424191326	1	1a925	925	93
358	-0.631174749305141	0	0.851144199259579	0.851144199259579	1	1a926	926	93
2214	-1.98291996688247	0	343.953288615424	343.953288615424	1	1a927	927	93
12	0.791759664523795	1	70.4735286658118	12	0	1a928	928	93
4570	-0.18362176019396	0	204.253978783938	204.253978783938	1	1a929	929	93
1716	-0.977293264195503	0	129.508613841608	129.508613841608	1	1a930	930	93
5227	-0.142748447939027	0	74.5222127693987	74.5222127693987	1	1a931	931	94
211	-0.723567482946033	0	35.2809241740033	35.2809241740033	1	1a932	932	94
1057	1.5725840943696	0	17.3009213758633	17.3009213758633	1	1a933	933	94
2598	-0.0784119319961173	0	24.8237277846783	24.8237277846783	1	1a934	934	94
886	-1.55572844620898	1	1609.72046423565	886	0	1a935	935	94
2887	-0.458882024629664	0	182.332404878664	182.332404878664	1	1a936	936	94
3235	0.499206431139276	0	749.710408928704	749.710408928704	1	1a937	937	94
11785	-0.666273487506215	0	519.229723585254	519.229723585254	1	1a938	938	94
651	0.599169025503352	0	140.01538802404	140.01538802404	1	1a939	939	94
4911	0.239528827187978	0	212.778950099576	212.778950099576	1	1a940	940	94
3121	-1.54169653760511	0	232.299690341033	232.299690341033	1	1a941	941	95
2024	0.381354545819438	0	181.268748816776	181.268748816776	1	1a942	942	95
1111	1.55047099359419	0	246.938882452225	246.938882452225	1	1a943	943	95
4793	0.155393902706905	0	154.49398511555	154.49398511555	1	1a944	944	95
9913	-0.672567928159307	0	556.692379960948	556.692379960948	1	1a945	945	95
1767	-0.646476180867397	0	418.75148329646	418.75148329646	1	1a946	946	95
1678	0.379734397219638	0	246.961825283918	246.961825283918	1	1a947	947	95
969	-1.52520444748562	0	57.93280389862	57.93280389862	1	1a948	948	95
5039	-0.174284496567197	0	19.4164872141264	19.4164872141264	1	1a949	949	95
128	1.2182923253976	1	140.43346059043	128	0	1a950	950	95
12601	-1.76031042571197	0	242.202595331448	242.202595331448	1	1a951	951	96
4229	-0.303503633241736	0	255.583726557645	255.583726557645	1	1a952	952	96
4	-0.120451720546912	1	91.0464555048825	4	0	1a953	953	96
4502	-0.823522788637722	0	268.928395108062	268.928395108062	1	1a954	954	96
1947	-0.2212431734561	0	542.240502746934	542.240502746934	1	1a955	955	96
251	0.98659045437957	0	50.6271531384856	50.6271531384856	1	1a956	956	96
169	0.136717796366534	0	145.56436019484	145.56436019484	1	1a957	957	96
3043	-0.120933071509562	0	4.18300284808944	4.18300284808944	1	1a958	958	96
18106	-1.56646681964285	0	18.2356628356501	18.2356628356501	1	1a959	959	96
333	-0.860251735011401	0	194.547360752451	194.547360752451	1	1a960	960	96
361	0.623391526655715	0	246.386853373121	246.386853373121	1	1a961	961	97
176	-0.12542171393692	1	191.430459952655	176	0	1a962	962	97
70	0.702455073515848	1	104.772517690435	70	0	1a963	963	97
34	1.97588713005608	1	152.216390590183	34	0	1a964	964	97
152	1.7044284017206	1	1031.41569853166	152	0	1a965	965	97
32	0.910847251747729	1	747.139444887995	32	0	1a966	966	97
118	0.813103889289428	1	1105.33233320747	118	0	1a967	967	97
132	0.156105237657625	0	58.0038239041249	58.0038239041249	1	1a968	968	97
574	1.10608272158912	0	194.014342949268	194.014342949268	1	1a969	969	97
4390	-1.12440469334413	0	60.2040223311633	60.2040223311633	1	1a970	970	97
137	0.328253065752794	1	208.974918829038	137	0	1a971	971	98
135	0.684481396863338	1	216.066095036197	135	0	1a972	972	98
408	0.210944792942041	0	174.498668861318	174.498668861318	1	1a973	973	98
54	-0.360610843147441	1	67.9911172483116	54	0	1a974	974	98
1089	-0.426860939582557	0	310.598080967295	310.598080967295	1	1a975	975	98
4581	-0.950147106032875	0	322.403107293624	322.403107293624	1	1a976	976	98
539	0.982720427659263	0	106.022870281448	106.022870281448	1	1a977	977	98
1186	-0.703409945387974	0	9.07909369561821	9.07909369561821	1	1a978	978	98
1198	-0.0659988776804547	0	52.2901313925208	52.2901313925208	1	1a979	979	98
0	0.758593730504538	1	697.789994362425	0	0	1a980	980	98
68	0.646075651337962	1	254.327811057422	68	0	1a981	981	99
155	0.212219621699131	0	74.822164257057	74.822164257057	1	1a982	982	99
201	1.22564808181589	1	396.305005510753	201	0	1a983	983	99
622	-1.29384838152171	0	141.501241517746	141.501241517746	1	1a984	984	99
723	-0.171249579942503	0	46.2316626693369	46.2316626693369	1	1a985	985	99
74	0.293818035744972	1	148.984942119569	74	0	1a986	986	99
53	-1.72513167576524	1	213.185980207029	53	0	1a987	987	99
3461	-0.918479152206969	0	142.698689247482	142.698689247482	1	1a988	988	99
185	0.426143348900637	0	35.9918099197221	35.9918099197221	1	1a989	989	99
893	-0.767325831998117	0	363.108745889952	363.108745889952	1	1a990	990	99
104	-0.228758458596774	1	156.169866211712	104	0	1a991	991	100
169	0.191456337506967	1	1087.9820556681	169	0	1a992	992	100
742	-0.155639602171512	0	36.8205796694383	36.8205796694383	1	1a993	993	100
404	0.0668283674523279	0	134.553347714245	134.553347714245	1	1a994	994	100
1217	-0.816949954150796	0	32.0099201738176	32.0099201738176	1	1a995	995	100
4850	-1.14875008977802	0	269.446658192876	269.446658192876	1	1a996	996	100
195	0.638233743351211	0	101.638543070294	101.638543070294	1	1a997	997	100
587	0.292084585490306	0	75.975812622346	75.975812622346	1	1a998	998	100
10075	-1.03384867630052	0	21.714408613217	21.714408613217	1	1a999	999	100
17690	-3.17174750481568	0	549.993748588584	549.993748588584	1	1a1000	1000	100
