CHR POS rsid Allele1 Allele2 AC_Allele2 AF_Allele2 imputationInfo N BETA SE Tstat p.value p.value.NA Is.SPA.converge varT varTstar AF.Cases AF.Controls
1 3 rs3 A C 2 0.001 1 1000 -1.0371510501289 4.07475983888983 -0.0624651773379634 0.7990857 7.990857E-01 FALSE 0.0602276566467342 0.060228092662496 0 0.00110864745011086
1 4 rs4 A C 20 0.01 1 1000 -0.0626048499308083 0.768730880810089 -0.105939842705165 0.9350927 9.350927E-01 FALSE 1.69219865269626 1.69221090330214 0.0102040816326531 0.00997782705099778
1 8 rs8 A C 3 0.0015 1 1000 -1.10969599053073 2.09981806169356 -0.251675350935555 0.5971715 5.971715E-01 FALSE 0.226796666008667 0.226798307894249 0 0.0016629711751663
1 9 rs9 A C 4 0.002 1 1000 -1.29882861575948 1.50309541596891 -0.574882048998 0.3875315 3.875315E-01 FALSE 0.442615786272803 0.442618990572455 0 0.00221729490022173
1 10 rs10 A C 4 0.002 1 1000 0.613284548119188 1.42621839790743 0.301501830875808 0.6671902 6.671902E-01 FALSE 0.491618175935541 0.491621734986074 0.00510204081632653 0.0016629711751663
1 11 rs11 A C 2 0.001 1 1000 -1.05111556986472 3.38115512359147 -0.091943340145294 0.7558959 7.558959E-01 FALSE 0.0874721512850653 0.087472784536279 0 0.00110864745011086
1 12 rs12 A C 30 0.015 1 1000 -0.085657534091817 0.637412005748084 -0.21082644679213 0.8930995 8.930995E-01 FALSE 2.46127149266454 2.46128931094312 0.0153061224489796 0.0149667405764967
1 13 rs13 A C 2 0.001 1 1000 1.27431121484685 1.67447803048503 0.454481905855961 0.4466451 4.466451E-01 FALSE 0.356649067010356 0.35665164895731 0.00510204081632653 0.000554323725055432
1 14 rs14 A C 75 0.0375 1 1000 -0.0642443843538732 0.422018111919588 -0.360722299973518 0.8790045 8.790045E-01 FALSE 5.61484561804771 5.61488626650268 0.0306122448979592 0.0382483370288248
1 15 rs15 A C 244 0.122 1 1000 -0.266337870701954 0.239658226101201 -4.63711901459 0.266429 2.664290E-01 FALSE 17.4106633892075 17.4107894330233 0.0969387755102041 0.124722838137472
1 16 rs16 A C 3 0.0015 1 1000 2.36882308463663 1.87148228542814 0.676333945493316 0.2056037 2.056037E-01 FALSE 0.285514756200995 0.285516823173892 0.00510204081632653 0.00110864745011086
1 17 rs17 A C 12 0.006 1 1000 -0.0525927657347432 0.806858281644261 -0.0807851411278332 0.948029 9.480290E-01 FALSE 1.53605044342564 1.53606156360267 0.0102040816326531 0.00554323725055432
1 18 rs18 A C 3 0.0015 1 1000 -1.31779322113367 1.56646697296226 -0.537037711700896 0.4002069 4.002069E-01 FALSE 0.407528057580151 0.407531007863565 0 0.0016629711751663
1 20 rs20 A C 762 0.381 1 1000 -0.0032727336396784 0.160381822252263 -0.127233177495792 0.9837196 9.837196E-01 FALSE 38.8767286018104 38.8770100483647 0.36734693877551 0.382483370288248
1 22 rs22 A C 459 0.2295 1 1000 0.134743891798289 0.188289378586954 3.80064619446595 0.4742252 4.742252E-01 FALSE 28.2064451586086 28.2066493580638 0.255102040816327 0.226718403547672
1 23 rs23 A C 607 0.3035 1 1000 -0.419749726497985 -0.169334617835601 -14.6462882974404 0.0131818488006103 1.315775E-02 TRUE 34.8929073036828 34.8931599095188 0.229591836734694 0.311529933481153
1 26 rs26 A C 996 0.498 1 1000 0.279626651724912 0.158530129275282 11.1264068120006 0.07775375 7.775375E-02 FALSE 39.7902229396446 39.7905109994053 0.561224489795918 0.491130820399113
1 27 rs27 A C 234 0.117 1 1000 -0.211374566836694 0.250232479182531 -3.37571188833461 0.3982712 3.982712E-01 FALSE 15.9702841209967 15.9703997372432 0.102040816326531 0.118625277161863
1 28 rs28 A C 1 5e-04 1 1000 -1.02371798179517 7.02740984228379 -0.0207295448556718 0.884178 8.841780E-01 FALSE 0.0202492729680501 0.0202494195618688 0 0.000554323725055432
1 29 rs29 A C 531 0.2655 1 1000 -0.168069552647205 0.181553826044927 -5.09892040802954 0.3545871 3.545871E-01 FALSE 30.3381566007537 30.3383762326504 0.219387755102041 0.270509977827051
1 30 rs30 A C 351 0.1755 1 1000 -0.128530231085777 0.204339956521946 -3.0782131921828 0.5293478 5.293478E-01 FALSE 23.9493321234947 23.9495055037467 0.147959183673469 0.178492239467849
1 31 rs31 A C 16 0.008 1 1000 -1.10883215107884 1.0405829220084 -1.02402939185884 0.2866102 2.866102E-01 FALSE 0.923520652663717 0.923527338455316 0 0.00886917960088692
1 32 rs32 A C 1 5e-04 1 1000 2.38875293195281 2.03533543364329 0.57663267258839 0.2405389 2.405389E-01 FALSE 0.241394857071716 0.24139660464033 0.00510204081632653 0
1 33 rs33 A C 17 0.0085 1 1000 -0.386020255307399 0.889980399535207 -0.487359245692133 0.6644771 6.644771E-01 FALSE 1.26252246868246 1.26253160866443 0.00510204081632653 0.00886917960088692
1 34 rs34 A C 4 0.002 1 1000 1.7448936085315 1.70745162552248 0.598510997842675 0.3068147 3.068147E-01 FALSE 0.343007158096234 0.343009641283123 0.00510204081632653 0.0016629711751663
1 35 rs35 A C 5 0.0025 1 1000 -1.09603921634314 1.96748056785981 -0.283142583336886 0.5774745 5.774745E-01 FALSE 0.258332529634817 0.258334399823048 0 0.00277161862527716
1 37 rs37 A C 34 0.017 1 1000 -0.393842961064703 0.643995490119088 -0.949636581402803 0.5408278 5.408278E-01 FALSE 2.41120617932484 2.41122363515755 0.0102040816326531 0.0177383592017738
1 38 rs38 A C 102 0.051 1 1000 0.945499303446298 0.371376342474889 6.87627930717743 0.0108986089437794 1.077825E-02 TRUE 7.27264344046974 7.27269609048713 0.0816326530612245 0.0476718403547672
1 42 rs42 A C 1 5e-04 1 1000 -1.0566051936908 4.52575062504024 -0.0515859580907989 0.8154002 8.154002E-01 FALSE 0.0488223590029927 0.0488227124505487 0 0.000554323725055432
1 44 rs44 A C 1 5e-04 1 1000 15.2297528407134 9.29784158392306 0.934171864438804 0.101424199301637 1.620112E-04 TRUE 0.0613386096418782 0.0613390537003407 0.00510204081632653 0
1 45 rs45 A C 5 0.0025 1 1000 -1.29453635106511 1.30424471393062 -0.76102001622857 0.3209262 3.209262E-01 FALSE 0.587870719584214 0.587874975451267 0 0.00277161862527716
1 46 rs46 A C 8 0.004 1 1000 -1.2606903829832 1.10044606888353 -1.04104838132389 0.2519534 2.519534E-01 FALSE 0.825776412175394 0.825782390351392 0 0.00443458980044346
1 48 rs48 A C 580 0.29 1 1000 -0.246684904893534 0.173214574690657 -8.22192879710205 0.1544008 1.544008E-01 FALSE 33.3296794169491 33.329920705858 0.239795918367347 0.295454545454545
1 49 rs49 A C 7 0.0035 1 1000 -1.10316961961544 1.47576258797417 -0.506534814978546 0.4547466 4.547466E-01 FALSE 0.459163129560366 0.459166453653862 0 0.00388026607538803
1 50 rs50 A C 145 0.0725 1 1000 -0.125198958731575 0.298412544514614 -1.40593928176204 0.6748143 6.748143E-01 FALSE 11.2296403740573 11.2297216705991 0.0612244897959184 0.0737250554323725
1 54 rs54 A C 216 0.108 1 1000 -0.376623556818219 0.261219496815098 -5.51945635389641 0.1493617 1.493617E-01 FALSE 14.6551012382914 14.6552073333229 0.076530612244898 0.111419068736142
1 55 rs55 A C 1 5e-04 1 1000 -1.10676729955464 3.41988882887267 -0.0946307630221229 0.7462207 7.462207E-01 FALSE 0.0855019506450921 0.0855025696331154 0 0.000554323725055432
1 56 rs56 A C 2 0.001 1 1000 4.36224486348242 1.87772612867593 1.45388745150248 0.0201709410736363 1.178977E-02 TRUE 0.333288821925927 0.333291234757301 0.0102040816326531 0
1 57 rs57 A C 366 0.183 1 1000 -0.241694997029843 0.200618940390892 -6.00514911991447 0.2283011 2.283011E-01 FALSE 24.8459802383621 24.8461601098631 0.158163265306122 0.18569844789357
1 58 rs58 A C 5 0.0025 1 1000 0.899143906782023 1.44653334981708 0.429706876878496 0.5342146 5.342146E-01 FALSE 0.477906677270815 0.47791013705749 0.00510204081632653 0.00221729490022173
1 60 rs60 A C 11 0.0055 1 1000 1.14336364257504 0.92040725656395 1.34965979247832 0.2141493 2.141493E-01 FALSE 1.18042916725834 1.18043771292907 0.0153061224489796 0.00443458980044346
1 61 rs61 A C 3 0.0015 1 1000 -1.15146121881888 1.88547466959144 -0.323897734996295 0.5413976 5.413976E-01 FALSE 0.28129278668068 0.281294823088793 0 0.0016629711751663
1 62 rs62 A C 1 5e-04 1 1000 -1.08269309053789 3.81933364231267 -0.0742215754500817 0.7768112 7.768112E-01 FALSE 0.0685527377044662 0.0685532339893263 0 0.000554323725055432
1 64 rs64 A C 869 0.4345 1 1000 0.207830174477695 0.153684033202814 8.7993603538353 0.1762726 1.762726E-01 FALSE 42.3391857123214 42.3394922251983 0.489795918367347 0.428492239467849
1 65 rs65 A C 5 0.0025 1 1000 -1.07945002429738 1.91010019267455 -0.29586271867791 0.5719871 5.719871E-01 FALSE 0.274086536679165 0.274088520917913 0 0.00277161862527716
1 66 rs66 A C 567 0.2835 1 1000 0.113307568930366 0.168065755997166 4.0114414235514 0.5001931 5.001931E-01 FALSE 35.4031196805279 35.4033759800264 0.301020408163265 0.28159645232816
1 68 rs68 A C 545 0.2725 1 1000 -0.0108539593734424 0.176439850614548 -0.348654141911313 0.9509479 9.509479E-01 FALSE 32.1223002515013 32.1225327996361 0.270408163265306 0.272727272727273
1 70 rs70 A C 12 0.006 1 1000 -0.118756018809685 1.01958493184523 -0.114237532205428 0.9072762 9.072762E-01 FALSE 0.961951514967012 0.961958478977334 0.00510204081632653 0.00609756097560976
1 71 rs71 A C 45 0.0225 1 1000 0.234652920204671 0.508383804355732 0.907909477875022 0.6443922 6.443922E-01 FALSE 3.86915908433237 3.86918709495805 0.0306122448979592 0.0216186252771619
1 72 rs72 A C 3 0.0015 1 1000 -1.09596920001036 2.16044291013149 -0.234807930187692 0.611952 6.119520E-01 FALSE 0.214246833018185 0.214248384049743 0 0.0016629711751663
1 74 rs74 A C 7 0.0035 1 1000 0.451300223390241 1.42963201111206 0.220809126931234 0.7522486 7.522486E-01 FALSE 0.489273249794738 0.48927679186927 0.00510204081632653 0.00332594235033259
1 75 rs75 A C 60 0.03 1 1000 -0.088182747351041 0.432677864507477 -0.471036184110939 0.8385044 8.385044E-01 FALSE 5.34159116449187 5.34162983473193 0.0306122448979592 0.0299334811529933
1 76 rs76 A C 2 0.001 1 1000 -1.21517745550801 2.1623138677331 -0.259897580495274 0.5741295 5.741295E-01 FALSE 0.213876236196813 0.213877784545449 0 0.00110864745011086
1 77 rs77 A C 2 0.001 1 1000 -1.13186054965816 2.48809935915558 -0.182834220427587 0.6491742 6.491742E-01 FALSE 0.161534228295885 0.161535397716605 0 0.00110864745011086
1 78 rs78 A C 2 0.001 1 1000 -1.16407086993729 2.06861398938408 -0.272032320859404 0.5736188 5.736188E-01 FALSE 0.233690514800065 0.233692206593396 0 0.00110864745011086
1 79 rs79 A C 22 0.011 1 1000 0.4020606753466 0.732602497585198 0.749125892224435 0.5831348 5.831348E-01 FALSE 1.86321602225496 1.86322951093439 0.0153061224489796 0.0105321507760532
1 81 rs81 A C 314 0.157 1 1000 0.212035532495236 0.213015922469598 4.67287873448171 0.3195429 3.195429E-01 FALSE 22.0381870882263 22.0383466328187 0.178571428571429 0.154656319290466
1 83 rs83 A C 48 0.024 1 1000 -0.951052467169653 0.526038875641396 -3.4369150264604 0.07061414 7.061414E-02 FALSE 3.61380170400978 3.6138278659857 0.00510204081632653 0.0260532150776053
1 84 rs84 A C 2 0.001 1 1000 -1.22922752957107 2.26106631568796 -0.240439423411487 0.5866827 5.866827E-01 FALSE 0.195602048951334 0.195603465004707 0 0.00110864745011086
1 85 rs85 A C 2 0.001 1 1000 -1.16512639290886 2.41288583501663 -0.200124146359135 0.6291833 6.291833E-01 FALSE 0.171761748405257 0.171762991867708 0 0.00110864745011086
1 86 rs86 A C 304 0.152 1 1000 0.221041510969286 0.220690671646256 4.53843257573556 0.3165418 3.165418E-01 FALSE 20.5320374251612 20.5321860660421 0.178571428571429 0.149113082039911
1 89 rs89 A C 1 5e-04 1 1000 -1.07650491087883 3.95957166283345 -0.0686624981522545 0.7857188 7.857188E-01 FALSE 0.0637828006712949 0.0637832624243826 0 0.000554323725055432
1 90 rs90 A C 135 0.0675 1 1000 -0.00784555941196151 0.299532847884521 -0.0874450044447862 0.9791037 9.791037E-01 FALSE 11.1457959659914 11.1458766555448 0.0663265306122449 0.0676274944567627
1 91 rs91 A C 13 0.0065 1 1000 0.700981210846922 0.978735327020142 0.731772102422692 0.4738609 4.738609E-01 FALSE 1.04392541640106 1.04393297385823 0.0102040816326531 0.00609756097560976
1 92 rs92 A C 217 0.1085 1 1000 -0.249760182316374 0.245758393868816 -4.13529486947662 0.3094944 3.094944E-01 FALSE 16.5570621831081 16.5571820473114 0.0918367346938776 0.110310421286031
1 94 rs94 A C 699 0.3495 1 1000 -0.0555483754745409 0.164039411368581 -2.06431019768727 0.7348898 7.348898E-01 FALSE 37.162386479392 37.1626555150336 0.341836734693878 0.350332594235033
1 96 rs96 A C 219 0.1095 1 1000 0.30097957532354 0.24631685588283 4.96076621189663 0.2217378 2.217378E-01 FALSE 16.4820692785018 16.4821885997969 0.137755102040816 0.106430155210643
1 97 rs97 A C 801 0.4005 1 1000 -0.263045284199674 0.160670039944443 -10.1896840235795 0.1015935 1.015935E-01 FALSE 38.7373757890472 38.7376562267623 0.346938775510204 0.406319290465632
1 98 rs98 A C 4 0.002 1 1000 -1.12511681491523 2.07496835151871 -0.261321210484927 0.5876578 5.876578E-01 FALSE 0.232261403456686 0.232263084904021 0 0.00221729490022173
1 99 rs99 A C 284 0.142 1 1000 -0.440276977833888 0.231354164741795 -8.22567095764011 0.0570349 5.703490E-02 FALSE 18.6829458994415 18.6830811538967 0.0918367346938776 0.147450110864745
