CHR POS rsid SNPID Allele1 Allele2 AC_Allele2 AF_Allele2 imputationInfo N BETA SE Tstat p.value p.value.NA Is.SPA.converge varT varTstar Tstat_cond p.value_cond varT_cond BETA_cond SE_cond AF.Cases AF.Controls homN_Allele2_cases hetN_Allele2_cases homN_Allele2_ctrls hetN_Allele2_ctrls
1 3 rs3 rs3 A C 2 0.001 1 1000 -1.10240888266361 4.21411113169015 -0.0620770020934222 0.793630317790086 0.793630317790086 1 0.0563103246623278 0.0598640473578107 -2.77555756156289e-17 0.999999999999997 4.87511942772328e-05 -5.69331193360959e-13 146.12912357328 0 0.00110864745011086 0 0 0 2
1 4 rs4 rs4 A C 20 0.01 1 1000 -0.0665828061327411 0.792649360767743 -0.105974131759662 0.933056171146598 0.933056171146598 1 1.59161408049384 1.69206022628005 -0.107007987467478 0.932404311331451 1.59159847526064 -0.0672330296433305 0.792653246624631 0.0102040816326531 0.00997782705099778 0 2 0 18
1 8 rs8 rs8 A C 3 0.0015 1 1000 -1.17663623514899 2.18341939215902 -0.246812921181381 0.589958535752485 0.589958535752485 1 0.209761448618085 0.222999412083249 -0.247157184102047 0.58943841784321 0.20975971828026 -1.17828716651793 2.18342839780939 0 0.0016629711751663 0 0 0 3
1 9 rs9 rs9 A C 4 0.002 1 1000 -1.37991516103315 1.55231100410896 -0.572657448531619 0.374034005038445 0.374034005038445 1 0.414994678443034 0.44118483124594 -0.572758532042831 0.373949590537368 0.414994529262883 -1.3801592350149 1.55231128311742 0 0.00221729490022173 0 0 0 4
1 10 rs10 rs10 A C 4 0.002 1 1000 0.65871507097263 1.47321208605051 0.30350584114445 0.654782301610717 0.654782301610717 1 0.460754360297703 0.489832388830685 0.303561991024737 0.654722563637461 0.460754314266951 0.658837001901321 1.47321215963968 0.00510204081632653 0.0016629711751663 0 1 0 3
1 11 rs11 rs11 A C 2 0.001 1 1000 -1.11740300996288 3.48800451933169 -0.0918450508538399 0.748698512232447 0.748698512232447 1 0.0821950988452153 0.087382399575149 -0.0920395427369358 0.748183549478858 0.0821945465727819 -1.11977675617976 3.48801623741755 0 0.00110864745011086 0 0 0 2
1 12 rs12 rs12 A C 30 0.015 1 1000 -0.0862006368877218 0.658409968092844 -0.198846375832235 0.895836666110012 0.895836666110012 1 2.30678546019604 2.45236579369024 -0.200579641458499 0.89493296564615 2.30674159898163 -0.0869536672625358 0.658416227685057 0.0153061224489796 0.0149667405764967 0 3 0 27
1 13 rs13 rs13 A C 2 0.001 1 1000 1.35403876582633 1.72663282159565 0.45418325029811 0.432918243637349 0.432918243637349 1 0.335428542934615 0.356597307861608 0.454375597619323 0.432723055595751 0.335428002774282 1.3546143847897 1.72663421184657 0.00510204081632653 0.000554323725055432 0 1 0 1
1 14 rs14 rs14 A C 75 0.0375 1 1000 -0.066953000267964 0.435178489173893 -0.353537269200597 0.877726577950734 0.877726577950734 1 5.2803797856055 5.61362250081629 -0.322313977931759 0.888301661902517 5.26614641477869 -0.061204902512249 0.4357661937911 0.0306122448979592 0.0382483370288248 1 4 2 65
1 15 rs15 rs15 A C 244 0.122 1 1000 -0.282011432158098 0.247213403956924 -4.61447911695358 0.253969356725528 0.253969356725528 1 16.3627377856323 17.3953838053051 -4.62911842689762 0.252420667530362 16.3596088861238 -0.282960213726383 0.247237043547648 0.0969387755102041 0.124722838137472 2 15 12 201
1 16 rs16 rs16 A C 3 0.0015 1 1000 2.4890445776828 1.92240309425645 0.673509554470688 0.19540412111216 0.19540412111216 1 0.27058959108627 0.287666394972078 0.673245155374579 0.195578732059052 0.270588570451556 2.48807684024153 1.92240671981513 0.00510204081632653 0.00110864745011086 0 1 0 2
1 17 rs17 rs17 A C 12 0.006 1 1000 -0.0536290299055703 0.833343146743918 -0.0772239842597165 0.948688294598017 0.948688294598017 1 1.43996608545208 1.5308417852333 -0.0770887319814682 0.948778034963308 1.43996581837318 -0.053535112429655 0.833343224026435 0.0102040816326531 0.00554323725055432 0 2 0 10
1 18 rs18 rs18 A C 3 0.0015 1 1000 -1.39896503206349 1.61795932679866 -0.534406410934265 0.38723210803184 0.38723210803184 1 0.382001264281788 0.406109215545111 -0.534446377445773 0.387196591850293 0.382001240961018 -1.39906974150462 1.61795937618601 0 0.0016629711751663 0 0 0 3
1 20 rs20 rs20 A C 762 0.381 1 1000 -0.00288762297101587 0.165440718718253 -0.1055007802984 0.986074330276974 0.986074330276974 1 36.5355108188812 38.8412527013282 -0.154965567782841 0.979536379162631 36.4997882486615 -0.00424565662483052 0.16552165785039 0.36734693877551 0.382483370288248 14 44 128 434
1 22 rs22 rs22 A C 459 0.2295 1 1000 0.144370260855844 0.194239471632261 3.82650922889997 0.457324809889282 0.457324809889282 1 26.5048300544445 28.177539573866 3.86063328422292 0.453177627068451 26.4878291636281 0.145751215034419 0.194301796753786 0.255102040816327 0.226718403547672 7 36 43 323
1 23 rs23 rs23 A C 607 0.3035 1 1000 -0.445091153033622 0.174742328989461 -14.6057093354589 0.0108613453868561 0.0107821598347357 1 32.8150969434246 34.8860449527217 -14.6174407679767 0.0107957929597902 32.8130876077404 -0.445475931516073 0.174748515186519 0.229591836734694 0.311529933481153 5 35 93 376
1 26 rs26 rs26 A C 996 0.498 1 1000 0.295269529851651 0.163426644595669 11.0553603865587 0.0708027571488797 0.0708027571488797 1 37.4415890190673 39.8045131444368 11.0822323206973 0.0700809543035012 37.4310464062704 0.296070598732736 0.163449657878739 0.561224489795918 0.491130820399113 30 50 212 462
1 27 rs27 rs27 A C 234 0.117 1 1000 -0.223705996666411 0.258098446535271 -3.3582022231067 0.386080769538062 0.386080769538062 1 15.0116772601068 15.9590583753181 -3.33471827542152 0.389284021363558 15.0036254669089 -0.222260831742059 0.25816769235128 0.102040816326531 0.118625277161863 0 20 10 194
1 28 rs28 rs28 A C 1 5e-04 1 1000 -1.08813449587399 7.27638254850545 -0.0205518788551972 0.881124919255768 0.881124919255768 1 0.0188872597396059 0.0200792273582373 -0.0206475404474689 0.880575320367586 0.0188871261337129 -1.09320710315021 7.27640828470963 0 0.000554323725055432 0 0 0 1
1 29 rs29 rs29 A C 531 0.2655 1 1000 -0.178234690617767 0.187275379573814 -5.08195557963754 0.341236385855696 0.341236385855696 1 28.5127186072662 30.3121451925714 -5.03098772571923 0.345779432204062 28.4747920782821 -0.176682158446958 0.187400057246314 0.219387755102041 0.270509977827051 5 33 64 360
1 30 rs30 rs30 A C 351 0.1755 1 1000 -0.135533569471117 0.210730170276368 -3.05206262124474 0.520119197977231 0.520119197977231 1 22.5188684482714 23.9400254805048 -3.01298221488179 0.525271351048433 22.4965703130236 -0.13393073579476 0.210834580103918 0.147959183673469 0.178492239467849 5 19 34 254
1 31 rs31 rs31 A C 16 0.008 1 1000 -1.17789312725476 1.07631799307731 -1.01677459554079 0.27379151179468 0.27379151179468 1 0.863214643174395 0.917691783679576 -1.0180685575676 0.273174615426959 0.863190197981617 -1.17942553095266 1.07633323341172 0 0.00886917960088692 0 0 0 16
1 32 rs32 rs32 A C 1 5e-04 1 1000 2.50045554223682 2.09441025058425 0.570027263430437 0.232528455104435 0.232528455104435 1 0.2279693655023 0.242356423522627 0.57019197226058 0.23239311481588 0.227968969421155 2.50118239209651 2.09441207003374 0.00510204081632653 0 0 1 0 0
1 33 rs33 rs33 A C 17 0.0085 1 1000 -0.408730916790399 0.917187532973812 -0.485871252143368 0.655860884309139 0.655860884309139 1 1.18873134422696 1.26375171717177 -0.486856950947061 0.65520593266904 1.18871715891593 -0.409565006524391 0.917193005491605 0.00510204081632653 0.00886917960088692 0 1 0 16
1 34 rs34 rs34 A C 4 0.002 1 1000 1.84918939502317 1.75931937386646 0.59743687367806 0.293220807975318 0.293220807975318 1 0.323080413118297 0.343469892373646 0.597191357855125 0.293418560813288 0.323079533064185 1.84843450834282 1.75932177001824 0.00510204081632653 0.0016629711751663 0 1 0 3
1 35 rs35 rs35 A C 5 0.0025 1 1000 -1.16715903760064 2.01285027771953 -0.288076010193064 0.562013161380533 0.562013161380533 1 0.246818129245926 0.262394725417545 -0.28872448441777 0.561128319450619 0.24681198970582 -1.16981547274874 2.01287531276375 0 0.00277161862527716 0 0 0 5
1 37 rs37 rs37 A C 34 0.017 1 1000 -0.418865956821053 0.664344604331636 -0.949048135843116 0.528370767662562 0.528370767662562 1 2.26575619333172 2.40874718574666 -0.951208166557283 0.527426402874326 2.26568807401915 -0.41983191661062 0.664354591222181 0.0102040816326531 0.0177383592017738 0 2 0 32
1 38 rs38 rs38 A C 102 0.051 1 1000 0.995348111708284 0.382819258357961 6.83165821791634 0.0093210959579726 0.00911640962183043 1 6.86358685725679 7.29674515519445 6.82450104749033 0.00938653141526382 6.86283897518762 0.99441369266627 0.382813455991972 0.0816326530612245 0.0476718403547672 0 16 2 82
1 42 rs42 rs42 A C 1 5e-04 1 1000 -1.12367554394609 4.65280494286101 -0.0519052439360429 0.809163760669221 0.809163760669221 1 0.046192376630147 0.0491075595592674 -0.0520333033281265 0.808701563704167 0.0461921372030637 -1.12645368841422 4.65281700125603 0 0.000554323725055432 0 0 0 1
1 44 rs44 rs44 A C 1 5e-04 1 1000 15.990145793837 3.9874199057064 0.933351186728988 6.068058238427e-05 0.000111904943497444 1 0.0583703987920315 0.0620541319648647 0.933224458645611 6.34591275147083e-05 0.0583701643172516 15.9880389161384 3.99744486190358 0.00510204081632653 0 0 1 0 0
1 45 rs45 rs45 A C 5 0.0025 1 1000 -1.37858755325837 1.34166684094057 -0.765852228298069 0.304176360032578 0.304176360032578 1 0.555533978591303 0.590593511983632 -0.76584997865745 0.304177780482424 0.555533978517414 -1.37858350393133 1.3416668410298 0 0.00277161862527716 0 0 0 5
1 46 rs46 rs46 A C 8 0.004 1 1000 -1.33944102249713 1.13787057058158 -1.03451755674087 0.239136805550838 0.239136805550838 1 0.772350211293521 0.821092932831602 -1.034603217082 0.239097878109044 0.772350104163793 -1.33955211697957 1.13787064949642 0 0.00443458980044346 0 0 0 8
1 48 rs48 rs48 A C 580 0.29 1 1000 -0.262040463636654 0.178644968023567 -8.21082476810187 0.142424339642638 0.142424339642638 1 31.3341865380266 33.3116748674301 -8.21086817659075 0.142422229402006 31.334186510516 -0.262041849206301 0.17864496810199 0.239795918367347 0.295454545454545 3 41 85 363
1 49 rs49 rs49 A C 7 0.0035 1 1000 -1.17187392766089 1.52660143164491 -0.502839703166684 0.442703580913078 0.442703580913078 1 0.429090272680076 0.45616999295479 -0.503300716358798 0.44228380739719 0.429087169713414 -1.17295680664363 1.52660695148461 0 0.00388026607538803 0 0 0 7
1 50 rs50 rs50 A C 145 0.0725 1 1000 -0.131298901365656 0.308110557749625 -1.38308200827125 0.670004254359792 0.670004254359792 1 10.5338429635408 11.1986296973177 -1.39195170883044 0.667997163699582 10.5326943648416 -0.132155330878755 0.308127357142352 0.0612244897959184 0.0737250554323725 0 12 9 115
1 54 rs54 rs54 A C 216 0.108 1 1000 -0.398699801721334 0.269443017457308 -5.49176762838665 0.138948402153841 0.138948402153841 1 13.774192022862 14.643475925896 -5.50553126068968 0.137921464353047 13.7714262498964 -0.39977930831464 0.269470072781402 0.076530612244898 0.111419068736142 0 15 9 183
1 55 rs55 rs55 A C 1 5e-04 1 1000 -1.17711129651881 3.51977216348942 -0.0950141796381594 0.738056413910433 0.738056413910433 1 0.0807180934539956 0.0858121809479623 -0.0950373221693265 0.737994944408883 0.0807180856346192 -1.17739811867597 3.51977233397428 0 0.000554323725055432 0 0 0 1
1 56 rs56 rs56 A C 2 0.001 1 1000 4.60770483708131 1.78772886361299 1.44977848726325 0.00995446723957545 0.0097492346340989 1 0.314642221783806 0.334499170064878 1.44983296783546 0.00993355481061321 0.314642178449312 4.60787862257005 1.7872923271003 0.0102040816326531 0 0 2 0 0
1 57 rs57 rs57 A C 366 0.183 1 1000 -0.255388494671887 0.207028080215518 -5.95858060228646 0.217354415243409 0.217354415243409 1 23.3314371109075 24.8038750355059 -5.91692798858622 0.22033578425963 23.3061071266076 -0.253878863443098 0.207140552751495 0.158163265306122 0.18569844789357 0 31 38 259
1 58 rs58 rs58 A C 5 0.0025 1 1000 0.953548219881618 1.49153035103112 0.428625958507051 0.522622177773101 0.522622177773101 1 0.449506327598477 0.477874497161146 0.428304190763774 0.522933676724504 0.449504816003596 0.952835599341716 1.49153285888829 0.00510204081632653 0.00221729490022173 0 1 0 4
1 60 rs60 rs60 A C 11 0.0055 1 1000 1.21876380378818 0.949606436969627 1.35155040771738 0.199337629011398 0.199337629011398 1 1.10895187690713 1.17893739868836 1.35130568486492 0.199418834799523 1.10895100252866 1.21854408516123 0.949606811339305 0.0153061224489796 0.00443458980044346 0 3 0 8
1 61 rs61 rs61 A C 3 0.0015 1 1000 -1.22681609739762 1.93209284317155 -0.328642315819555 0.525449633661958 0.525449633661958 1 0.267882298346661 0.284788246040291 -0.328759118527388 0.525302302774083 0.267882099161847 -1.22725303241991 1.93209356147913 0 0.0016629711751663 0 0 0 3
1 62 rs62 rs62 A C 1 5e-04 1 1000 -1.15064252839696 3.94542364038826 -0.0739184985485842 0.77056204800948 0.77056204800948 1 0.0642410624710397 0.0682952909460888 -0.0739620992188044 0.770430463158065 0.0642410347163272 -1.15132172987878 3.94542449267907 0 0.000554323725055432 0 0 0 1
1 64 rs64 rs64 A C 869 0.4345 1 1000 0.221942406463007 0.158558946673003 8.82792808298159 0.161589100531027 0.161589100531027 1 39.7757608546657 42.2859936570329 8.77448561541683 0.163921477701651 39.7340620689692 0.220830319341283 0.158642124448469 0.489795918367347 0.428492239467849 24 48 175 423
1 65 rs65 rs65 A C 5 0.0025 1 1000 -1.14563596755587 1.98658255057277 -0.290290890107775 0.564151039622716 0.564151039622716 1 0.25338842208934 0.269379666887719 -0.290789690488114 0.563478924535447 0.253384789603288 -1.14762094024424 1.98659679019535 0 0.00277161862527716 0 0 0 5
1 66 rs66 rs66 A C 567 0.2835 1 1000 0.120496808742616 0.173292915043325 4.0124897003059 0.486844735404729 0.486844735404729 1 33.2995515995504 35.4010733538352 4.10105309253406 0.476521380504255 33.1850375193053 0.123581390864732 0.173591654927784 0.301020408163265 0.28159645232816 15 29 71 366
1 68 rs68 rs68 A C 545 0.2725 1 1000 -0.0125954879487872 0.181899196568874 -0.380674192398078 0.944795137724817 0.944795137724817 1 30.2230603487444 32.1304259363582 -0.351497690526368 0.949009802355215 30.2106319023062 -0.0116349003113548 0.181936608761462 0.270408163265306 0.272727272727273 9 35 64 364
1 70 rs70 rs70 A C 12 0.006 1 1000 -0.130055133315751 1.04970869785597 -0.118029320551319 0.901397299898998 0.901397299898998 1 0.907532963460694 0.964807015927785 -0.118838233986376 0.900724493055459 0.907523410136835 -0.130947844054467 1.0497142228819 0.00510204081632653 0.00609756097560976 0 1 0 11
1 71 rs71 rs71 A C 45 0.0225 1 1000 0.245648377131007 0.523797217985582 0.895339045600792 0.639086718617683 0.639086718617683 1 3.6447993512422 3.87482122116859 0.918477702350822 0.630081043029147 3.63698259281232 0.252538382824814 0.524359799550502 0.0306122448979592 0.0216186252771619 0 6 0 39
1 72 rs72 rs72 A C 3 0.0015 1 1000 -1.16512120319365 2.22670341042092 -0.234988363713102 0.600800714583017 0.600800714583017 1 0.201685767170822 0.214414077519747 -0.235165026324947 0.600526618932963 0.20168531151209 -1.16599976746869 2.22670592576592 0 0.0016629711751663 0 0 0 3
1 74 rs74 rs74 A C 7 0.0035 1 1000 0.471621418834356 1.47269634932917 0.217453849391161 0.748783757349701 0.748783757349701 1 0.4610771281945 0.490175526483954 0.216962614994847 0.749331263549687 0.461073605070405 0.470559608290127 1.47270197585173 0.00510204081632653 0.00332594235033259 0 1 0 6
1 75 rs75 rs75 A C 60 0.03 1 1000 -0.0956124374958227 0.446158903581082 -0.480325077585653 0.830312096553274 0.830312096553274 1 5.02366731950159 5.34070901078866 -0.483539683530138 0.829191375089402 5.02351644845939 -0.0962552205195685 0.446165603265861 0.0306122448979592 0.0299334811529933 0 6 2 50
1 76 rs76 rs76 A C 2 0.001 1 1000 -1.28600300101128 2.24597724839969 -0.254936064310862 0.566928698121592 0.566928698121592 1 0.198239089730262 0.210749881606012 -0.254993373698074 0.566841481873133 0.198239041778791 -1.28629240441251 2.24597752003615 0 0.00110864745011086 0 0 0 2
1 77 rs77 rs77 A C 2 0.001 1 1000 -1.20394599887682 2.55847100788589 -0.183927220463457 0.637946077386719 0.637946077386719 1 0.152770324113412 0.162411599869744 -0.184096079892785 0.63763707520656 0.152769907818562 -1.20505459826177 2.55847449377389 0 0.00110864745011086 0 0 0 2
1 78 rs78 rs78 A C 2 0.001 1 1000 -1.23612092706233 2.14199772874241 -0.269415728926466 0.563880091713423 0.563880091713423 1 0.217952566798411 0.231707468547156 -0.269508885317011 0.563745196947314 0.217952440098675 -1.23654906178153 2.14199835133353 0 0.00110864745011086 0 0 0 2
1 79 rs79 rs79 A C 22 0.011 1 1000 0.422480585457146 0.754149096971447 0.742834944395108 0.575337364595016 0.575337364595016 1 1.75827001278963 1.86923374966572 0.741506546072319 0.576018007173087 1.75824424916039 0.421731250607763 0.75415462224092 0.0153061224489796 0.0105321507760532 0 3 0 19
1 81 rs81 rs81 A C 314 0.157 1 1000 0.222906473971221 0.219540207717502 4.62481686961999 0.309946996844623 0.309946996844623 1 20.747790708928 22.0571757136422 4.70367492961552 0.300709725961948 20.6569997546502 0.227703683278432 0.220022136646915 0.178571428571429 0.154656319290466 5 25 20 239
1 83 rs83 rs83 A C 48 0.024 1 1000 -1.01211734947003 0.541829921824727 -3.44750496353745 0.061767459131432 0.061767459131432 1 3.40623047845454 3.62119635957701 -3.45051239793623 0.0615356187747155 3.40609842713991 -1.01303954414307 0.541840424847696 0.00510204081632653 0.0260532150776053 0 1 0 47
1 84 rs84 rs84 A C 2 0.001 1 1000 -1.30878341821113 2.32861723732007 -0.241363485116916 0.574086605296383 0.574086605296383 1 0.184418202246798 0.196056763287151 -0.241431601945567 0.573978471699492 0.184418134504606 -1.30915325976002 2.32861766500475 0 0.00110864745011086 0 0 0 2
1 85 rs85 rs85 A C 2 0.001 1 1000 -1.2376633702804 2.49620481489814 -0.198628747786745 0.620022798225673 0.620022798225673 1 0.16048689211974 0.170615157482681 -0.198738479079352 0.619829347959955 0.160486716322767 -1.23834846667094 2.49620618206778 0 0.00110864745011086 0 0 0 2
1 86 rs86 rs86 A C 304 0.152 1 1000 0.235800306583664 0.227594435937448 4.55219737846673 0.300176580067916 0.300176580067916 1 19.3053072933626 20.523657730571 4.59524611806574 0.29529051409677 19.2782508140178 0.238364266675294 0.227754091113587 0.178571428571429 0.149113082039911 4 27 15 239
1 89 rs89 rs89 A C 1 5e-04 1 1000 -1.1440589378387 4.09115679657177 -0.068352774773003 0.779752242845524 0.779752242845524 1 0.0597458509455219 0.0635163883689739 -0.0684043812526754 0.779590179782252 0.0597458120626018 -1.14492344971395 4.09115812784581 0 0.000554323725055432 0 0 0 1
1 90 rs90 rs90 A C 135 0.0675 1 1000 -0.00618981889792033 0.309051836899404 -0.0648060100966609 0.984020704050101 0.984020704050101 1 10.4697748295083 11.1305182482567 -0.0731232397408299 0.981969374425553 10.4687648611005 -0.00698489656717183 0.309066744343975 0.0663265306122449 0.0676274944567627 2 9 6 110
1 91 rs91 rs91 A C 13 0.0065 1 1000 0.738709865863974 1.0079042760724 0.727168945908352 0.463609242950963 0.463609242950963 1 0.984376924569534 1.04650056954459 0.726345392394794 0.464113448363794 0.98436702231576 0.737880664354276 1.0079093455732 0.0102040816326531 0.00609756097560976 0 2 0 11
1 92 rs92 rs92 A C 217 0.1085 1 1000 -0.263845125348877 0.253454294898538 -4.10723701182274 0.297877005168269 0.297877005168269 1 15.5668481894135 16.5492659261179 -4.05754175002124 0.303200418002663 15.5307919549462 -0.261257878013684 0.253748333657733 0.0918367346938776 0.110310421286031 3 12 10 179
1 94 rs94 rs94 A C 699 0.3495 1 1000 -0.0588635048138602 0.169152885795705 -2.05725105767987 0.727847728692057 0.727847728692057 1 34.9495169236926 37.1551673480628 -2.06452334589165 0.72692119516027 34.9487447898854 -0.0590728896932846 0.169154754359814 0.341836734693878 0.350332594235033 10 47 109 414
1 96 rs96 rs96 A C 219 0.1095 1 1000 0.318874091023086 0.253919296989537 4.94570057563878 0.209185295475076 0.209185295475076 1 15.5098852960139 16.4887081266636 4.93279717380593 0.21034018914969 15.5074544421688 0.318091998412865 0.253939197628772 0.137755102040816 0.106430155210643 1 25 12 168
1 97 rs97 rs97 A C 801 0.4005 1 1000 -0.280476272355188 0.165713917298415 -10.2135838688777 0.0905443949925124 0.0905443949925124 1 36.4151440801504 38.7132896645157 -10.139692358645 0.0925435777904691 36.3354291831202 -0.279058004449153 0.165895594396117 0.346938775510204 0.406319290465632 10 48 148 437
1 98 rs98 rs98 A C 4 0.002 1 1000 -1.19619823895606 2.13772247572181 -0.261758330435428 0.575775046903932 0.575775046903932 1 0.21882520966079 0.232635183561289 -0.262137217923254 0.575220743661568 0.21882311375899 -1.19794117458711 2.13773271331869 0 0.00221729490022173 0 0 0 4
1 99 rs99 rs99 A C 284 0.142 1 1000 -0.467092788796184 0.238584429939712 -8.20576293913475 0.0502573272661659 0.0502573272661659 1 17.5677362955722 18.6764293026931 -8.22441607545893 0.0497041401053104 17.5626564076335 -0.468289983278625 0.238618931968135 0.0918367346938776 0.147450110864745 0 18 17 232
