CHR POS rsid SNPID Allele1 Allele2 AC_Allele2 AF_Allele2 imputationInfo N BETA SE Tstat p.value p.value.NA Is.SPA.converge varT varTstar AF.Cases AF.Controls homN_Allele2_cases hetN_Allele2_cases homN_Allele2_ctrls hetN_Allele2_ctrls
1 4 rs4 rs4 A C 19.0571715145436 0.00952858575727182 1 1000 -0.0387891017014168 0.804223317157933 -0.0599730865813583 0.961531543093386 0.961531543093386 1 1.54613239159307 1.64365894447794 0.0102040816326531 0.00945519485285124 0 2 0 17
1 9 rs9 rs9 A C 4.00801603206413 0.00200400801603206 1 1000 -1.38210694711031 1.55230539477343 -0.57357117332543 0.373273887293463 0.373273887293463 1 0.414997677657756 0.441174797532652 0 0.00222173837697568 0 0 0 4
1 10 rs10 rs10 A C 4.004004004004 0.002002002002002 1 1000 0.666313814768844 1.47319561835294 0.307013859100192 0.651059018730352 0.651059018730352 1 0.460764661178008 0.489828659410112 0.00512246940818369 0.0016629711751663 0 1 0 3
1 11 rs11 rs11 A C 2 0.001 1 1000 -1.11737671648309 3.48796285234772 -0.0918450839704959 0.748701325378701 0.748701325378701 1 0.0821970626518655 0.0873818684429394 0 0.00110864745011086 0 0 0 2
1 12 rs12 rs12 A C 30 0.015 1 1000 -0.0861985176347914 0.658404026002913 -0.198845076271559 0.895838277688744 0.895838277688744 1 2.3068270978166 2.45233656141413 0.0153061224489796 0.0149667405764967 0 3 0 27
1 14 rs14 rs14 A C 75 0.0375 1 1000 -0.066951560928602 0.435174298874025 -0.353536477259902 0.877728017793496 0.877728017793496 1 5.28048147580783 5.61356236765653 0.0306122448979592 0.0382483370288248 1 4 2 65
1 15 rs15 rs15 A C 244 0.122 1 1000 -0.282032472797603 0.247222254468372 -4.61449298566953 0.253950929971451 0.253950929971451 1 16.3615662405692 17.3936170299561 0.0969387755102041 0.124722838137472 2 15 12 201
1 17 rs17 rs17 A C 12 0.006 1 1000 -0.0536269954706481 0.833331769157523 -0.0772231633749111 0.948689538866647 0.948689538866647 1 1.44000540580682 1.53083770718512 0.0102040816326531 0.00554323725055432 0 2 0 10
1 20 rs20 rs20 A C 762 0.381 1 1000 -0.0028874712497698 0.165439508249541 -0.105496780841572 0.986074960010026 0.986074960010026 1 36.5360454584554 38.8406570098226 0.36734693877551 0.382483370288248 14 44 128 434
1 22 rs22 rs22 A C 459 0.2295 1 1000 0.144367099622082 0.194237383908379 3.82650769660254 0.457329825730368 0.457329825730368 1 26.5053998218389 28.1773008126693 0.255102040816327 0.226718403547672 7 36 43 323
