markerIndex p.value p.value.NA var1 var2 Tv1 N AC AF
81310 0.220454020211791 0.180370728424993 1.13627037907263 0.950653664214312 1.30614376567273 1000 74 0.037
111416 0.880466759755082 0.872184242348436 1.06482748242383 0.930284785990999 -0.155175303516488 1000 199 0.0995
37839 0.832900765978137 0.813394705692943 0.923629044006303 0.7378825559629 -0.202766240681432 1000 439 0.2195
44248 0.421895338413074 0.379125891541544 0.668660046356202 0.557577765042451 0.656738569811405 1000 948 0.474
111799 0.247418467442371 0.188502778855096 1.24841665339777 0.965811358759829 -1.29234631119515 1000 24 0.012
70674 0.5645721322767 0.513862062663578 1.16892332314119 0.910162511127739 -0.622821383341045 1000 87 0.0435
44844 0.784745140050221 0.767573298571408 1.21807623390883 1.04035909566385 0.301455693639863 1000 46 0.023
90717 0.171326381650935 0.134533231665063 1.19419694971151 0.99790130091667 1.49489113822211 1000 62 0.031
128241 0.203434922076217 0.158147726925517 1.13990032934474 0.925690924066463 -1.35787928921005 1000 134 0.067
24347 0.958275179514952 0.954455800742311 1.10335454902822 0.925895527821226 0.0549553589187495 1000 74 0.037
111467 0.129889464033883 0.0902940727788658 1.08053586739833 0.86387390476745 1.57434440434532 1000 242 0.121
12435 0.718222706761779 0.68500861057362 1.07405886161377 0.849901194821183 -0.373958012125737 1000 252 0.126
101559 0.468387906177831 0.424990332637525 1.20938877616538 0.999047597175795 0.797413501348659 1000 45 0.0225
107454 0.986679962760682 0.985589296902327 0.974905169378174 0.832906078310731 -0.0164841568519988 1000 317 0.1585
60569 0.689354172076782 0.651661269385111 1.13719236763624 0.891540492211048 -0.42627073032104 1000 108 0.054
75866 0.107125872219828 0.0722293556404796 0.845323199587129 0.679089892461108 -1.48140411635082 1000 589 0.2945
44558 0.842463744437951 0.828082263846659 0.58181812920426 0.487308908242089 -0.151595245755282 1000 998 0.499
14763 0.257057516338972 0.193252176453458 1.25137063983454 0.949653310957551 -1.26784441765642 1000 106 0.053
105100 0.446247889506208 0.398414673221589 0.626631478332178 0.509811103701084 0.602950474082045 1000 952 0.476
116280 0.971598529785836 0.969300225528484 0.730791254346747 0.625422793344372 -0.030436112173217 1000 737 0.3685
106706 0.390405567978021 0.351679316226788 1.08160331065253 0.919859462530985 0.89323874725421 1000 237 0.1185
3008 0.922828743591105 0.916462122989137 1.11002128981483 0.94676380947782 -0.10206103695025 1000 95 0.0475
65323 0.970126101419245 0.966646692015389 0.673447192471593 0.540206065361848 -0.030733011742253 1000 929 0.4645
92338 0.637178526132604 0.611426061516633 1.06796041023147 0.92044110657549 0.487410602226371 1000 205 0.1025
73469 0.85115520632253 0.830446978637016 1.13346573053485 0.87042744044787 0.199774674031763 1000 220 0.11
35435 0.495068560487644 0.475093707422462 1.078671474585 0.984333147374992 -0.708599022344081 1000 53 0.0265
18300 0.130656602049784 0.104946369007196 1.11239509633013 0.966810627176982 -1.59419987408126 1000 126 0.063
39608 0.681240008186332 0.650343574898612 1.0822150046012 0.888734052059877 0.427323918029843 1000 206 0.103
89691 0.890771289162741 0.878549937983727 0.726014915074068 0.586374867920623 -0.117012664128069 1000 821 0.4105
78222 0.82092086084614 0.800368656026333 0.730624862795887 0.585466383188107 0.193485456919338 1000 786 0.393
64816 0.0948668653685691 0.0699935515526554 0.680951571635091 0.578620247614894 -1.37829949893497 1000 868 0.434
119556 0.988569741070343 0.987281269114552 1.15301920486501 0.931223753565697 0.0153832866664253 1000 119 0.0595
12185 0.159013515784047 0.110845118337828 1.31687052089761 1.02753223840601 -1.61620580311594 1000 50 0.025
41021 0.86374614378733 0.846315002266125 1.05440753880204 0.826557748966041 -0.176213999922953 1000 263 0.1315
115944 0.174087611269578 0.140794917402591 1.1417063788389 0.972305555194499 1.45229937968363 1000 114 0.057
60896 0.237794836095597 0.192681170335556 0.742955905168378 0.610135243490459 1.01754493217531 1000 762 0.381
61416 0.00908563367410731 0.00416822640152212 1.15500285700603 0.957585182239002 2.80372115448825 1000 99 0.0495
42758 0.759869462667045 0.744784418307874 1.02698944903943 0.905429573901508 -0.309749442369545 1000 122 0.061
85954 0.253806409071799 0.207141230750191 1.04252141362435 0.853142937752447 1.16516178233496 1000 276 0.138
32764 0.696382695702551 0.661010237782286 0.683993556756505 0.54158677133668 -0.322717302490621 1000 850 0.425
72856 0.333074839127199 0.273574192215499 1.18169258560544 0.92358411063915 1.05220470788482 1000 153 0.0765
75088 0.516772246732878 0.477232635601276 1.16609189631914 0.970234956221608 -0.700102726303433 1000 60 0.03
24549 0.0104246005432043 0.00377702446691591 1.09940340914979 0.859920767321267 -2.6857087077867 1000 234 0.117
121558 0.355858041647459 0.313836429185439 1.07586470318897 0.904055205629883 -0.95766850848542 1000 276 0.138
110113 0.777673335562452 0.761375469894953 1.17048993416441 1.01188773300621 0.305474718864185 1000 39 0.0195
63269 0.846708027682321 0.831261640728747 1.0985256900362 0.904201172674457 0.202620256226234 1000 109 0.0545
74818 0.925448135258163 0.921072837852229 1.1781893459158 1.05081358522703 -0.101568585084223 1000 55 0.0275
62970 0.284382114930947 0.243296804323397 0.987320456062569 0.831134014315752 -1.06371855665163 1000 331 0.1655
37852 0.282353045748962 0.236032280516971 1.15696218025492 0.952282976362826 -1.15634549021817 1000 120 0.06
27274 0.551670111071979 0.531689115531087 1.12046667788148 1.01497304694264 -0.630094533980342 1000 56 0.028
