CHR SNPID POS A1 A2 p.value p.value.NA Is.converge var1 var2 N AC AF
7 rs48244 48244 2 1 0.0325836269644411 0.0426415636889067 TRUE 0.0850957662252783 0.0904360296860639 1000 20 0.01
1 rs1360 1360 2 1 0.13397994636903 0.13397994636903 TRUE 0.0746692834670169 0.0782164960839179 1000 15 0.0075
1 rs3424 3424 2 1 0.541873367747542 0.541873367747542 TRUE 0.0655819039776874 0.0688704577933473 1000 17 0.0085
2 rs9178 9178 2 1 0.197750219365393 0.197750219365393 TRUE 0.0744098829072218 0.0788312930399265 1000 15 0.0075
1 rs2657 2657 2 1 0.612464735953634 0.612464735953634 TRUE 0.0892416097876075 0.094826731345859 1000 14 0.007
1 rs4430 4430 2 1 0.646862898794021 0.646862898794021 TRUE 0.063071432677659 0.0661630369506454 1000 19 0.0095
1 rs6223 6223 2 1 0.525681845068026 0.525681845068026 TRUE 0.0807968729487845 0.085232724388932 1000 17 0.0085
1 rs427 427 2 1 0.157831008523853 0.157831008523853 TRUE 0.0740858559142777 0.0784834195154879 1000 16 0.008
1 rs156 156 2 1 0.932998393540577 0.932998393540577 TRUE 0.0824308668248749 0.0874753222418758 1000 16 0.008
1 rs4041 4041 2 1 0.782463276080809 0.782463276080809 TRUE 0.0864768225367476 0.0948643264856865 1000 18 0.009
11 rs75831 75831 2 1 0.747186234238642 0.747186234238642 TRUE 0.088542781792631 0.0952615703200999 1000 20 0.01
1 rs6436 6436 2 1 0.0910224943000822 0.0910224943000822 TRUE 0.0802173079155038 0.0849515458296682 1000 18 0.009
2 rs9699 9699 2 1 0.678491777922045 0.678491777922045 TRUE 0.0685291304897937 0.0723830995478108 1000 17 0.0085
1 rs6243 6243 2 1 0.586694377049028 0.586694377049028 TRUE 0.0751873185768026 0.0786338732864365 1000 17 0.0085
1 rs2378 2378 2 1 0.801827338310179 0.801827338310179 TRUE 0.0698318428739008 0.0738996464866853 1000 19 0.0095
1 rs2729 2729 2 1 0.474091657955 0.474091657955 TRUE 0.0983291384458228 0.104576408013515 1000 16 0.008
1 rs6004 6004 2 1 0.877016631436366 0.877016631436366 TRUE 0.0831194466350884 0.0884427481402508 1000 19 0.0095
1 rs7441 7441 2 1 0.986127320856711 0.986127320856711 TRUE 0.0603322738244596 0.0626161573832327 1000 14 0.007
2 rs7821 7821 2 1 0.78006200465348 0.78006200465348 TRUE 0.0743528626835534 0.079649306508525 1000 17 0.0085
1 rs370 370 2 1 0.877677583230423 0.877677583230423 TRUE 0.0566278186544993 0.0593604036902025 1000 13 0.0065
1 rs6807 6807 2 1 0.660701437523666 0.660701437523666 TRUE 0.0762329260278748 0.0806477006141931 1000 14 0.007
1 rs7320 7320 2 1 0.964979413281612 0.964979413281612 TRUE 0.0869839957330412 0.0934945875572568 1000 17 0.0085
4 rs25009 25009 2 1 0.37648624179405 0.37648624179405 TRUE 0.0755833977825052 0.079563205808431 1000 20 0.01
2 rs9153 9153 2 1 0.0467990326137766 0.0467990326137766 TRUE 0.0812217977940373 0.0859654498317465 1000 11 0.0055
1 rs7449 7449 2 1 0.0990361699859723 0.0990361699859723 TRUE 0.0836706833662555 0.0899891368013042 1000 17 0.0085
1 rs1515 1515 2 1 0.970208037456524 0.970208037456524 TRUE 0.066970254080375 0.0709173486953198 1000 11 0.0055
1 rs5867 5867 2 1 0.716004578364859 0.716004578364859 TRUE 0.0639403866525665 0.0668468740886797 1000 18 0.009
1 rs3567 3567 2 1 0.0483052182888111 0.0483052182888111 TRUE 0.0706738053684789 0.0748451055527942 1000 19 0.0095
1 rs3343 3343 2 1 0.457068983122093 0.457068983122093 TRUE 0.0791037390762193 0.0843682427747806 1000 15 0.0075
1 rs4439 4439 2 1 0.349345078078805 0.349345078078805 TRUE 0.0609643916431112 0.063317813357953 1000 11 0.0055
9 rs58950 58950 2 1 0.933551848185051 0.933551848185051 TRUE 0.043765059008376 0.0463759323040086 1000 851 0.4255
10 rs65586 65586 2 1 0.00329955654734748 0.00178888696601455 TRUE 0.0823965216446208 0.088018762320098 1000 24 0.012
17 rs109533 109533 2 1 0.528087679273296 0.528087679273296 TRUE 0.0446796965432675 0.047487779953884 1000 874 0.437
13 rs88303 88303 2 1 0.523085143563742 0.523085143563742 TRUE 0.0657479072993668 0.0697906677301335 1000 188 0.094
13 rs84569 84569 2 1 0.189972784795441 0.189972784795441 TRUE 0.0493320202681773 0.0524869595145831 1000 749 0.3745
4 rs23512 23512 2 1 0.158285227459387 0.158285227459387 TRUE 0.0647762956723193 0.0686116602986363 1000 269 0.1345
14 rs94227 94227 2 1 0.0991890486752522 0.0991890486752522 TRUE 0.0805524119483812 0.0861666125212122 1000 93 0.0465
3 rs18318 18318 2 1 0.324578944541229 0.324578944541229 TRUE 0.0716784986996332 0.0758496032753453 1000 143 0.0715
19 rs125458 125458 2 1 0.437441589073324 0.437441589073324 TRUE 0.0798962230224185 0.0848121679140534 1000 59 0.0295
6 rs39862 39862 2 1 0.512775769055308 0.512775769055308 TRUE 0.0628154415198053 0.0660122471280622 1000 23 0.0115
7 rs48767 48767 2 1 0.248647733951921 0.248647733951921 TRUE 0.0746634143293534 0.0795057187648757 1000 33 0.0165
8 rs51477 51477 2 1 0.103912646960863 0.103912646960863 TRUE 0.0688738228979378 0.0728654707189444 1000 149 0.0745
14 rs94501 94501 2 1 0.40933304394907 0.40933304394907 TRUE 0.0834653189848653 0.0889837387930684 1000 30 0.015
16 rs105436 105436 2 1 0.576779484642243 0.576779484642243 TRUE 0.0913633968345789 0.097358776265429 1000 32 0.016
2 rs13618 13618 2 1 0.814530804218195 0.814530804218195 TRUE 0.0383857852839858 0.0407354709983953 1000 992 0.496
10 rs68368 68368 2 1 0.44448290342482 0.44448290342482 TRUE 0.0660258626898923 0.0697933027187394 1000 150 0.075
17 rs112261 112261 2 1 0.580280670271674 0.580280670271674 TRUE 0.0677094956943986 0.0714796887663751 1000 210 0.105
2 rs11876 11876 2 1 0.742338104067295 0.742338104067295 TRUE 0.071489713331349 0.0761700967229055 1000 159 0.0795
3 rs20978 20978 2 1 0.422547595460755 0.422547595460755 TRUE 0.0686168089695974 0.073070632628907 1000 359 0.1795
15 rs101882 101882 2 1 0.286303986816097 0.286303986816097 TRUE 0.0764701421157856 0.0814438291782127 1000 35 0.0175
19 rs123893 123893 2 1 0.846545976193566 0.846545976193566 TRUE 0.0820583190752305 0.0871229959322345 1000 24 0.012
1 rs991 991 2 1 0.914531573480998 0.914531573480998 TRUE 0.0699526351097299 0.0742826787014085 1000 75 0.0375
4 rs28215 28215 2 1 0.126034726919317 0.126034726919317 TRUE 0.0719148961521448 0.0765207308254779 1000 81 0.0405
15 rs99486 99486 2 1 0.305228721408437 0.305228721408437 TRUE 0.0714493675431252 0.0755712085182072 1000 119 0.0595
19 rs126512 126512 2 1 0.785754846264825 0.785754846264825 TRUE 0.0513279432161842 0.0544186114495921 1000 695 0.3475
14 rs89859 89859 2 1 0.183115520125486 0.183115520125486 TRUE 0.0485732819900362 0.0516258106808801 1000 764 0.382
15 rs96910 96910 2 1 0.257121128475147 0.257121128475147 TRUE 0.0576028845284573 0.06030036397154 1000 38 0.019
4 rs23647 23647 2 1 0.589116028235753 0.589116028235753 TRUE 0.0655818414625269 0.0689693992915803 1000 48 0.024
15 rs99025 99025 2 1 0.489956483799945 0.489956483799945 TRUE 0.0693919568031192 0.0732894042240241 1000 103 0.0515
3 rs16791 16791 2 1 0.516758955386381 0.516758955386381 TRUE 0.0472499529425794 0.0501267064709813 1000 720 0.36
