CHR SNPID POS A1 A2 p.value p.value.NA Is.converge var1 var2 N AC AF
1 rs2549 2549 2 1 0.848685626488758 0.848685626488758 TRUE 0.0747374856523633 0.0799289626578678 1000 79 0.0395
1 rs673 673 2 1 0.502668975212149 0.502668975212149 TRUE 0.0359357234347304 0.0380822518532332 1000 986 0.493
1 rs7776 7776 2 1 0.843927911431816 0.843927911431816 TRUE 0.0412061145903646 0.0440074020641719 1000 919 0.4595
1 rs4662 4662 2 1 0.72727951350599 0.72727951350599 TRUE 0.0460917780112559 0.0491771750714106 1000 818 0.409
1 rs495 495 2 1 0.00153589058025306 0.000758448030351198 TRUE 0.0729846837868907 0.077954016384233 1000 50 0.025
1 rs7934 7934 2 1 0.446321863966646 0.446321863966646 TRUE 0.0479564529511282 0.0511273878800508 1000 753 0.3765
1 rs4876 4876 2 1 0.734045377492742 0.734045377492742 TRUE 0.0582852430455737 0.0620891375974845 1000 532 0.266
1 rs7063 7063 2 1 0.825909407013485 0.825909407013485 TRUE 0.0721748967943345 0.0767882519396831 1000 92 0.046
1 rs6669 6669 2 1 0.774572210800628 0.774572210800628 TRUE 0.0661688118006574 0.0697717075739084 1000 64 0.032
1 rs4903 4903 2 1 0.2701616863265 0.2701616863265 TRUE 0.0703256804340604 0.0743837544407793 1000 28 0.014
1 rs612 612 2 1 0.0436084362337104 0.0435634752180671 TRUE 0.0510123372206083 0.0542345311044981 1000 636 0.318
1 rs5737 5737 2 1 0.579064817840237 0.579064817840237 TRUE 0.0643561602451667 0.0681696998465873 1000 49 0.0245
1 rs5799 5799 2 1 0.0374102441630451 0.0395736256549181 TRUE 0.070457961775307 0.0745327841043019 1000 55 0.0275
1 rs4709 4709 2 1 0.786071460602324 0.786071460602324 TRUE 0.0712268757912537 0.0760204251079825 1000 231 0.1155
1 rs3908 3908 2 1 0.479142152473378 0.479142152473378 TRUE 0.0715230430362949 0.0764691421719943 1000 79 0.0395
1 rs9237 9237 2 1 0.187485609219692 0.187485609219692 TRUE 0.0720454712930543 0.0759832107506759 1000 40 0.02
1 rs147 147 2 1 0.182719038714571 0.182719038714571 TRUE 0.0512850966633944 0.0549350918566427 1000 731 0.3655
1 rs8804 8804 2 1 0.436539439065538 0.436539439065538 TRUE 0.0758907239465726 0.0810280648982312 1000 122 0.061
1 rs3062 3062 2 1 0.142507321006726 0.142507321006726 TRUE 0.0747208140255891 0.0792606048854263 1000 47 0.0235
1 rs5809 5809 2 1 0.100590091861292 0.100590091861292 TRUE 0.0793614119691291 0.0848266023259011 1000 87 0.0435
1 rs1319 1319 2 1 0.491316150689522 0.491316150689522 TRUE 0.0704015721599042 0.0739733110877764 1000 94 0.047
1 rs1952 1952 2 1 0.894556241472905 0.894556241472905 TRUE 0.0589404353912597 0.0625642289894486 1000 345 0.1725
1 rs4572 4572 2 1 0.327677440297064 0.327677440297064 TRUE 0.0716297238325831 0.0765307405573399 1000 146 0.073
1 rs6891 6891 2 1 0.582962150762461 0.582962150762461 TRUE 0.077675852656486 0.0833908243862848 1000 179 0.0895
1 rs6186 6186 2 1 0.993490361648684 0.993490361648684 TRUE 0.0514132996614192 0.0547331233160782 1000 677 0.3385
1 rs3106 3106 2 1 0.674820231153676 0.674820231153676 TRUE 0.0711597235908659 0.0752245848739072 1000 40 0.02
1 rs7042 7042 2 1 0.137906996530725 0.137906996530725 TRUE 0.0642588674999183 0.0673876719476372 1000 23 0.0115
1 rs4657 4657 2 1 0.18952577829201 0.18952577829201 TRUE 0.0846218484846236 0.0906030574173192 1000 54 0.027
1 rs2878 2878 2 1 0.0338458246144908 0.0337981089398901 TRUE 0.0532922138810723 0.056870949156164 1000 684 0.342
1 rs1586 1586 2 1 0.322020344184689 0.322020344184689 TRUE 0.069316216867237 0.0737477439345565 1000 59 0.0295
