CHR POS SNPID Allele1 Allele2 AC_Allele2 AF_Allele2 imputationInfo N BETA SE Tstat p.value p.value.NA Is.SPA.converge varT varTstar Tstat_cond p.value_cond varT_cond BETA_cond SE_cond AF.Cases AF.Controls
1 4 rs4 A C 19 0.00952858575727182 1 997 -0.0393676834200596 0.805207696466275 -0.0607189181314884 0.961005890129375 0.961005890129375 1 1.54235435912263 1.6436612380365 -0.000747085305918327 1 -0.00231657976657029 NA NA 0.0102040816326531 0.00945494994438265
1 9 rs9 A C 4 0.00200803212851406 1 996 -1.39135105071835 1.55422331047268 -0.575983289438941 0.370676627932948 0.370676627932948 1 0.413974093124494 0.441165265553574 -0.576296210900743 0.370392442226213 0.413932040786275 -1.39224837440961 1.55430225708466 0 0.0022271714922049
1 10 rs10 A C 4 0.00200803212851406 1 996 0.665607524381827 1.47503005929735 0.305926065445024 0.651809274193148 0.651809274193148 1 0.459619301523293 0.489808600532627 0.305649309091702 0.652091857941649 0.459586407040216 0.665052978960181 1.47508284532672 0.00515463917525773 0.00166852057842047
1 11 rs11 A C 2 0.00100300902708124 1 997 -1.12283443814218 3.49223043691713 -0.0920682605262047 0.747813644569998 0.747813644569998 1 0.0819962920611333 0.0873820767104856 -0.0921572572395862 0.747573110557692 0.081992890413928 -1.12396644116758 3.49230287742166 0 0.00111234705228031
1 12 rs12 A C 30 0.0150451354062187 1 997 -0.0914278712284836 0.659250045144006 -0.210367318688719 0.889699337064512 0.889699337064512 1 2.3009101695368 2.45204147510109 -0.212083452800911 0.888774973939227 2.29964530568687 -0.0922244192512828 0.659431322430186 0.0153061224489796 0.0150166852057842
1 14 rs14 A C 74 0.037111334002006 1 997 -0.061771914907448 0.437335875080523 -0.322969012573623 0.887675658330027 0.887675658330027 1 5.22841186091645 5.57183105260406 -0.318760464444521 0.889049597052853 5.22080499206412 -0.0610558074720378 0.437654364828489 0.0306122448979592 0.0378197997775306
1 15 rs15 A C 244 0.122367101303912 1 997 -0.288135432680889 0.247636115919671 -4.69860244634166 0.244608994826417 0.244608994826417 1 16.3069234582661 17.3780155263588 -4.69548699240854 0.244861633621066 16.302754918006 -0.288018007755395 0.247667773610206 0.0969387755102041 0.125139043381535
1 17 rs17 A C 12 0.00601805416248746 1 997 -0.0590756236485816 0.834397790199994 -0.0848519885314578 0.94355668372861 0.94355668372861 1 1.43632827367528 1.53067101251551 -0.0860147347639608 0.942772997653529 1.4357476279749 -0.0599093692289664 0.834566496909093 0.0102040816326531 0.00556173526140156
1 20 rs20 A C 759 0.380641925777332 1 997 -0.000256929283124918 0.165684137609254 -0.0093594804598876 0.998762706985592 0.998762706985592 1 36.4282356065153 38.8209612676499 -0.0190957069215838 0.997474200768864 36.3875235851025 -0.00052478720836616 0.165776799183898 0.36734693877551 0.382091212458287
1 22 rs22 A C 458 0.229689067201605 1 997 0.141889782530494 0.194706181366555 3.74275711281625 0.466161976936591 0.466161976936591 1 26.3779184523866 28.1105064110813 3.75163720003072 0.464818042318384 26.3440515251397 0.14240927203056 0.194831294661137 0.255102040816327 0.226918798665184
