CHR SNPID POS A1 A2 p.value p.value.NA Is.converge var1 var2 N AC AF
1 rs82759 82759 2 1 0.262866344460802 0.262866344460802 TRUE 0.0713553709881309 0.0795889765415026 1000 74 0.037
1 rs38604 38604 2 1 0.728633051849935 0.728633051849935 TRUE 0.0542017951113783 0.0598805467252658 1000 439 0.2195
1 rs112274 112274 2 1 0.279898507419744 0.279898507419744 TRUE 0.0643662722688959 0.070840604171296 1000 24 0.012
1 rs45424 45424 2 1 0.396627761789095 0.396627761789095 TRUE 0.0797930055932851 0.0887602128248793 1000 46 0.023
1 rs129018 129018 2 1 0.401398075492006 0.401398075492006 TRUE 0.0717787587173555 0.0801283404900969 1000 134 0.067
1 rs111876 111876 2 1 0.456065981307629 0.456065981307629 TRUE 0.0626999182036263 0.0692780700366166 1000 242 0.121
1 rs102462 102462 2 1 0.502459594389097 0.502459594389097 TRUE 0.0769204352954316 0.0863392817504147 1000 45 0.0225
1 rs61565 61565 2 1 0.685064439822372 0.685064439822372 TRUE 0.0679862384382429 0.0755941854329795 1000 108 0.054
1 rs45155 45155 2 1 0.984220267313243 0.984220267313243 TRUE 0.0358675382567085 0.0400376462477703 1000 998 0.499
1 rs105650 105650 2 1 0.880085967550986 0.880085967550986 TRUE 0.0361634761529241 0.0399312609890123 1000 952 0.476
1 rs107074 107074 2 1 0.224617587169703 0.224617587169703 TRUE 0.0721225918743561 0.0812344714505591 1000 237 0.1185
1 rs66643 66643 2 1 0.0241533078910717 0.0240835113852033 TRUE 0.0391017121777452 0.0433973867187754 1000 929 0.4645
1 rs74769 74769 2 1 0.526322266499712 0.526322266499712 TRUE 0.0650994648857239 0.0721001289508508 1000 220 0.11
1 rs18988 18988 2 1 0.0765569717718736 0.0765569717718736 TRUE 0.0668607055078609 0.074667207513459 1000 126 0.063
1 rs91229 91229 2 1 0.103936605593017 0.103936605593017 TRUE 0.0409142676399817 0.0454690129522706 1000 821 0.4105
1 rs66129 66129 2 1 0.812176843866625 0.812176843866625 TRUE 0.0419043371677152 0.0467948851913259 1000 868 0.434
1 rs12545 12545 2 1 0.950031960669134 0.950031960669134 TRUE 0.0718069411453271 0.0797419763912572 1000 50 0.025
1 rs116350 116350 2 1 0.585891453726459 0.585891453726459 TRUE 0.0645749078468299 0.0712550256311456 1000 114 0.057
1 rs62871 62871 2 1 0.419548412917787 0.419548412917787 TRUE 0.0653295406420133 0.0727812860472981 1000 99 0.0495
1 rs87558 87558 2 1 0.210442392662699 0.210442392662699 TRUE 0.0648248512167361 0.0725278808905058 1000 276 0.138
1 rs74213 74213 2 1 0.874757925049402 0.874757925049402 TRUE 0.0677873831994746 0.0749236811835911 1000 153 0.0765
1 rs25413 25413 2 1 0.299688406102432 0.299688406102432 TRUE 0.0626127573632148 0.0692874325386195 1000 234 0.117
1 rs110347 110347 2 1 0.673593992630613 0.673593992630613 TRUE 0.0772542590036344 0.0866205032664543 1000 39 0.0195
1 rs76112 76112 2 1 0.606022523215644 0.606022523215644 TRUE 0.0710799980613964 0.0789941893954181 1000 55 0.0275
1 rs38616 38616 2 1 0.614217277423114 0.614217277423114 TRUE 0.0795987911558659 0.0893402664565514 1000 120 0.06
1 rs124025 124025 2 1 0.378262219514664 0.378262219514664 TRUE 0.0773813071821784 0.0861773675672386 1000 40 0.02
1 rs47785 47785 2 1 0.602249286060237 0.602249286060237 TRUE 0.0551454827972368 0.0608786272068683 1000 420 0.21
1 rs13587 13587 2 1 0.27439922646655 0.27439922646655 TRUE 0.0700690388635369 0.0779810191729432 1000 25 0.0125
1 rs57825 57825 2 1 0.769658135138534 0.769658135138534 TRUE 0.0618513188360892 0.0682823264185818 1000 25 0.0125
1 rs80676 80676 2 1 0.0655719167339873 0.0655719167339873 TRUE 0.0529397343761615 0.0573089525446902 1000 27 0.0135
