CHR POS SNPID Allele1 Allele2 AC_Allele2 AF_Allele2 N BETA SE Tstat p.value p.value.NA Is.SPA.converge varT varTstar AF.Cases AF.Controls
1 3 rs3 A C 2 0.001 1000 -1.09565573935227 4.17170875601352 -0.0629573089346293 0.792828408034719 0.792828408034719 1 0.0574608489449873 0.0610266611676793 0 0.00110864745011086
1 4 rs4 A C 20 0.01 1000 -0.0748350220232195 0.788771764689913 -0.120282425995408 0.92441381108075 0.92441381108075 1 1.6073012707618 1.7070445676685 0.0102040816326531 0.00997782705099778
1 8 rs8 A C 3 0.0015 1000 -1.17349120307068 2.15287099341175 -0.253188412418376 0.585697129494263 0.585697129494263 1 0.215756549138039 0.22914561933397 0 0.0016629711751663
1 9 rs9 A C 4 0.002 1000 -1.36955765804197 1.55194804560839 -0.568625018530603 0.377519189948511 0.377519189948511 1 0.415188813111788 0.440953927475768 0 0.00221729490022173
1 10 rs10 A C 4 0.002 1000 0.655256159195808 1.46964245566229 0.303380548884579 0.655697702355242 0.655697702355242 1 0.46299534102345 0.491727155404603 0.00510204081632653 0.0016629711751663
1 11 rs11 A C 2 0.001 1000 -1.10694775705043 3.53063731010511 -0.0888016247720709 0.753880820177936 0.753880820177936 1 0.0802220558345877 0.0852003461396669 0 0.00110864745011086
1 12 rs12 A C 30 0.015 1000 -0.0897937779847151 0.655023275763302 -0.209282434795897 0.890963714713405 0.890963714713405 1 2.33070085136101 2.47533570684632 0.0153061224489796 0.0149667405764967
1 13 rs13 A C 2 0.001 1000 1.34556674625095 1.72226536880418 0.453633488387102 0.434639449204998 0.434639449204998 1 0.337131910885155 0.358053096537054 0.00510204081632653 0.000554323725055432
1 14 rs14 A C 75 0.0375 1000 -0.0747788180613426 0.432563496453724 -0.399649121314374 0.8627507666248 0.8627507666248 1 5.34441612846212 5.67607124153341 0.0306122448979592 0.0382483370288248
1 15 rs15 A C 244 0.122 1000 -0.283635167960663 0.246295196466819 21.8623271539078 0.249482777798158 0.249482777798158 1 16.4849683012797 17.5079657428189 0.0969387755102041 0.124722838137472
1 16 rs16 A C 3 0.0015 1000 2.53355222309916 1.93133065143063 0.679229585666165 0.189581915191847 0.189581915191847 1 0.26809377737448 0.284730706444303 0.00510204081632653 0.00110864745011086
1 17 rs17 A C 12 0.006 1000 -0.0411368386017931 0.833233101462894 -0.0592513000141053 0.960624320393869 0.960624320393869 1 1.44034646385108 1.52972914997583 0.0102040816326531 0.00554323725055432
1 18 rs18 A C 3 0.0015 1000 -1.39450159817354 1.61507714797414 -0.534604329776463 0.387902609937924 0.387902609937924 1 0.383365878157948 0.407156176407935 0 0.0016629711751663
1 20 rs20 A C 762 0.381 1000 -0.00181326883770738 0.164902784853409 0.0044464399953818 0.991226648739872 0.991226648739872 1 36.7742665800085 39.0563444062005 0.36734693877551 0.382483370288248
1 22 rs22 A C 459 0.2295 1000 0.144925092994257 0.193705701484465 14.9182389861284 0.454356695045634 0.454356695045634 1 26.6511032840048 28.3049742515102 0.255102040816327 0.226718403547672
1 23 rs23 A C 607 0.3035 1000 -0.443145422190686 0.174150546348455 -0.594248381312717 0.0109399487930117 0.0108607123371888 1 0.0544286289447835 0.0578062725737784 0.229591836734694 0.311529933481153
1 26 rs26 A C 996 0.498 1000 0.292803581003199 0.162957194320541 121.579012886411 0.0723653354325247 0.0723653354325247 1 37.6576246764186 39.9945205074787 0.561224489795918 0.491130820399113
1 27 rs27 A C 234 0.117 1000 -0.224390145640414 0.257313903455274 11.4856227735605 0.383182042275168 0.383182042275168 1 15.103357201999 16.0406168614609 0.102040816326531 0.118625277161863
1 28 rs28 A C 1 5e-04 1000 -1.07794537673743 7.2475151872017 -0.0205219434244963 0.881764244351231 0.881764244351231 1 0.0190380179435521 0.0202194484014268 0 0.000554323725055432
1 29 rs29 A C 531 0.2655 1000 -0.175025782073302 0.186775446705383 25.1724170674473 0.348711221952554 0.348711221952554 1 28.6655601348472 30.4444410002694 0.219387755102041 0.270509977827051
1 30 rs30 A C 351 0.1755 1000 -0.137567533317752 0.209912369222759 9.74719778447611 0.512237951982884 0.512237951982884 1 22.694673503697 24.1030227650691 0.147959183673469 0.178492239467849
1 31 rs31 A C 16 0.008 1000 -1.17091348819067 1.07055070967606 -1.02166924798389 0.274065192039536 0.274065192039536 1 0.872540335633683 0.926687029438592 0 0.00886917960088692
1 32 rs32 A C 1 5e-04 1000 2.52943511183106 2.09605840501335 0.575727246820638 0.227525380332677 0.227525380332677 1 0.227610996671849 0.241735710957373 0.00510204081632653 0
1 33 rs33 A C 17 0.0085 1000 -0.415342424235562 0.911930928110226 -0.499438943629734 0.648782783811185 0.648782783811185 1 1.20247514938776 1.27709640305694 0.00510204081632653 0.00886917960088692
1 34 rs34 A C 4 0.002 1000 1.83605384052795 1.75364598125953 0.597037436225058 0.295103129221837 0.295103129221837 1 0.325174253089105 0.345353389796256 0.00510204081632653 0.0016629711751663
1 35 rs35 A C 5 0.0025 1000 -1.16041186694679 2.00771219251365 -0.287878511631161 0.563279514063673 0.563279514063673 1 0.248083046917308 0.263478182512804 0 0.00277161862527716
1 37 rs37 A C 34 0.017 1000 -0.417510416285733 0.66261265448409 -0.950928499630816 0.528630953998191 0.528630953998191 1 2.27761622833387 2.41895684433086 0.0102040816326531 0.0177383592017738
1 38 rs38 A C 102 0.051 1000 1.00765381339119 0.383198688419121 0.684757382596091 0.00854889669186982 0.00829504191866345 1 0.0672860888235873 0.0714616198564475 0.0816326530612245 0.0476718403547672
1 42 rs42 A C 1 5e-04 1000 -1.11419386927769 4.722587003788 -0.0499575152021385 0.813487988076223 0.813487988076223 1 0.0448373632090841 0.0476198076160106 0 0.000554323725055432
1 44 rs44 A C 1 5e-04 1000 15.8656768910886 3.97814403015655 0.933174385530508 6.65735022952844e-05 0.00011919096926678 1 0.0588171807566969 0.0624671620204145 0.00510204081632653 0
1 45 rs45 A C 5 0.0025 1000 -1.3807719604074 1.33982401673164 -0.76917727090138 0.302746178896125 0.302746178896125 1 0.557063217502209 0.5916325436826 0 0.00277161862527716
1 46 rs46 A C 8 0.004 1000 -1.32941388176849 1.13333778542233 -1.03500267595863 0.240792741679364 0.240792741679364 1 0.77854059608719 0.826854006424156 0 0.00443458980044346
1 48 rs48 A C 580 0.29 1000 -0.262254493911315 0.177978901093168 68.5443707578522 0.140612353220516 0.140612353220516 1 31.5691550475289 33.5282224994614 0.239795918367347 0.295454545454545
1 49 rs49 A C 7 0.0035 1000 -1.16633823294886 1.51183265647392 -0.510290012045657 0.44042655827584 0.44042655827584 1 0.437514605652158 0.464665177860625 0 0.00388026607538803
1 50 rs50 A C 145 0.0725 1000 -0.132335022439291 0.306967027943787 1.97234404495454 0.666392020831958 0.666392020831958 1 10.6124716047801 11.2710431653486 0.0612244897959184 0.0737250554323725
1 54 rs54 A C 216 0.108 1000 -0.395210926956043 0.268750618113395 29.940565593861 0.141413150880291 0.141413150880291 1 13.8452581085002 14.7044446937329 0.076530612244898 0.111419068736142
1 55 rs55 A C 1 5e-04 1000 -1.16961111763074 3.50110996827129 -0.0954179284866206 0.738327748089062 0.738327748089062 1 0.0815809007355429 0.0866435160348666 0 0.000554323725055432
1 56 rs56 A C 2 0.001 1000 4.59866987092111 1.77823234309688 1.02580702092016 0.00970714233695309 0.00979756465084673 1 0.157731500855948 0.167519746661264 0.0102040816326531 0
1 57 rs57 A C 366 0.183 1000 -0.254739131584038 0.20618983892473 35.9023015621785 0.216659655373943 0.216659655373943 1 23.5215253150541 24.9811860058503 0.158163265306122 0.18569844789357
1 58 rs58 A C 5 0.0025 1000 1.0097868087937 1.50435931046361 0.446196887630566 0.502067368898 0.502067368898 1 0.441872367260964 0.469293366375639 0.00510204081632653 0.00221729490022173
1 60 rs60 A C 11 0.0055 1000 1.19973603139095 0.946452963260154 1.33933010696134 0.204936205554687 0.204936205554687 1 1.11635399114299 1.18563087757187 0.0153061224489796 0.00443458980044346
1 61 rs61 A C 3 0.0015 1000 -1.21773139630766 1.91966693302008 -0.330445418784609 0.525855601188706 0.525855601188706 1 0.271361500398665 0.288201212527109 0 0.0016629711751663
1 62 rs62 A C 1 5e-04 1000 -1.14246203646806 3.93100409540625 -0.0739323966756042 0.771335419242315 0.771335419242315 1 0.0647132196218681 0.0687290877082991 0 0.000554323725055432
1 64 rs64 A C 869 0.4345 1000 0.219296298962802 0.158093024670403 76.9860026295089 0.165400733955353 0.165400733955353 1 40.0105556657184 42.4934658741302 0.489795918367347 0.428492239467849
1 65 rs65 A C 5 0.0025 1000 -1.13925248262343 1.96871689529739 -0.293936451492442 0.562806693855759 0.562806693855759 1 0.25800817288155 0.274019225856007 0 0.00277161862527716
1 66 rs66 A C 567 0.2835 1000 0.117610534378987 0.172726002669036 15.5403772317654 0.495929642146119 0.495929642146119 1 33.5184984592968 35.5985351048895 0.301020408163265 0.28159645232816
1 68 rs68 A C 545 0.2725 1000 -0.0121474409730251 0.181441306457998 0.136152285975893 0.946621747155684 0.946621747155684 1 30.3757962693313 32.2608081965808 0.270408163265306 0.272727272727273
1 70 rs70 A C 12 0.006 1000 -0.105740109806869 1.05587024762789 -0.0948459196925818 0.920229222178972 0.920229222178972 1 0.896972018147275 0.952634853703088 0.00510204081632653 0.00609756097560976
1 71 rs71 A C 45 0.0225 1000 0.248379988232894 0.522369005492182 0.910252334451867 0.634439464676402 0.634439464676402 1 3.66475713654663 3.89217869454009 0.0306122448979592 0.0216186252771619
1 72 rs72 A C 3 0.0015 1000 -1.1568308867344 2.22664348236809 -0.233328884033729 0.603384060005821 0.603384060005821 1 0.201696623689215 0.214213185822073 0 0.0016629711751663
1 74 rs74 A C 7 0.0035 1000 0.489149252468386 1.47161527901313 0.225867017764525 0.739595276022448 0.739595276022448 1 0.461754805153511 0.490409636370494 0.00510204081632653 0.00332594235033259
1 75 rs75 A C 60 0.03 1000 -0.102386374790593 0.444313419916844 -0.518636770923183 0.817751997286795 0.817751997286795 1 5.06548622298555 5.37983195611407 0.0306122448979592 0.0299334811529933
1 76 rs76 A C 2 0.001 1000 -1.27834998282233 2.23533155578112 -0.255838483384264 0.567400676031536 0.567400676031536 1 0.200131800228467 0.212551255083498 0 0.00110864745011086
1 77 rs77 A C 2 0.001 1000 -1.19442430920704 2.57345163784475 -0.18035434579928 0.642552326335645 0.642552326335645 1 0.150996881434048 0.160367201143758 0 0.00110864745011086
1 78 rs78 A C 2 0.001 1000 -1.23077598374877 2.13462310697451 -0.270107473481493 0.564224798028126 0.564224798028126 1 0.219461118065356 0.23308008039486 0 0.00110864745011086
1 79 rs79 A C 22 0.011 1000 0.417612381780518 0.751713449364992 0.739041328320998 0.578520362347192 0.578520362347192 1 1.76968251077721 1.87950259946499 0.0153061224489796 0.0105321507760532
1 81 rs81 A C 314 0.157 1000 0.224745269109761 0.219012332560659 21.9536549879529 0.304808481830022 0.304808481830022 1 20.8479260938686 22.1416728979659 0.178571428571429 0.154656319290466
1 83 rs83 A C 48 0.024 1000 -1.00624688581634 0.540631809278626 -3.44271728244753 0.0627099428787878 0.0627099428787878 1 3.42134453380647 3.63366078705862 0.00510204081632653 0.0260532150776053
1 84 rs84 A C 2 0.001 1000 -1.30171037520325 2.33024197835327 -0.239724445706593 0.576423840842377 0.576423840842377 1 0.184161123912962 0.195589496424866 0 0.00110864745011086
1 85 rs85 A C 2 0.001 1000 -1.23207482876601 2.47150720756293 -0.201703448062941 0.618123547568919 0.618123547568919 1 0.163710387838178 0.173869661720364 0 0.00110864745011086
1 86 rs86 A C 304 0.152 1000 0.236575531276605 0.226831482674788 21.1410387358338 0.296968109189239 0.296968109189239 1 19.435393450435 20.6414835933902 0.178571428571429 0.149113082039911
1 89 rs89 A C 1 5e-04 1000 -1.13117258390731 4.17991966608332 -0.0647430269658946 0.786682810603812 0.786682810603812 1 0.0572353219013305 0.0607871387323152 0 0.000554323725055432
1 90 rs90 A C 135 0.0675 1000 -0.0110260717418371 0.307672999765982 0.0135670081036214 0.971412344656732 0.971412344656732 1 10.5638257346018 11.2193785086113 0.0663265306122449 0.0676274944567627
1 91 rs91 A C 13 0.0065 1000 0.698424754117443 0.998071500849568 0.701126389846324 0.484068286868528 0.484068286868528 1 1.0038681843863 1.06616460895328 0.0102040816326531 0.00609756097560976
1 92 rs92 A C 217 0.1085 1000 -0.259207800049639 0.253027607350094 16.3917188747864 0.305634591067492 0.305634591067492 1 15.619394081998 16.5886771216891 0.0918367346938776 0.110310421286031
1 94 rs94 A C 699 0.3495 1000 -0.0605397066914662 0.16870917604968 4.5240334506324 0.71971431726245 0.71971431726245 1 35.1335950413006 37.3138587325892 0.341836734693878 0.350332594235033
1 96 rs96 A C 219 0.1095 1000 0.311097761353916 0.252931596952286 23.6472927359646 0.218709101606963 0.218709101606963 1 15.631254275654 16.6012733160183 0.137755102040816 0.106430155210643
1 97 rs97 A C 801 0.4005 1000 -0.279383391531901 0.165115966510489 105.013440205864 0.0906376872170561 0.0906376872170561 1 36.679369176813 38.9555580137814 0.346938775510204 0.406319290465632
1 98 rs98 A C 4 0.002 1000 -1.19257651369834 2.12255477099209 -0.264708837494307 0.574212085927994 0.574212085927994 1 0.221963819053764 0.235738089944455 0 0.00221729490022173
1 99 rs99 A C 284 0.142 1000 -0.46517659311032 0.237783055898469 67.6880636970623 0.0504290315857006 0.0504290315857006 1 17.6863490461415 18.7838998265678 0.0918367346938776 0.147450110864745
