CHR POS SNPID Allele1 Allele2 AC_Allele2 AF_Allele2 imputationInfo N BETA SE Tstat p.value p.value.NA Is.SPA.converge varT varTstar AF.Cases AF.Controls
chrX 4 rs4 A C 34.1143430285156 0.0170571715142578 NA 1000 -0.145224050782163 0.432907034266833 -0.774906423860023 0.737276272039966 0.737276272039966 1 5.33593726167567 5.67268618760001 0.0153061224489796 0.0172474185302193
chrX 9 rs9 A C 4.01603206433356 0.00200801603216678 NA 1000 -1.38433616719302 1.55232300703349 -0.57448325838047 0.3725089449135 0.3725089449135 1 0.414988260796028 0.441178008583727 0 0.00222618185384344
chrX 10 rs10 A C 8.00800800789148 0.00400400400394574 NA 1000 0.333166584909797 0.73660843081421 0.614027845927601 0.651054253127074 0.651054253127074 1 1.84300549256416 1.95931685262291 0.0102449388157728 0.00332594235033259
chrX 11 rs11 A C 4 0.002 NA 1000 -0.558701504981439 1.74400225966585 -0.183690101707679 0.748698512232448 0.748698512232448 1 0.328780395380861 0.349529598300596 0 0.00221729490022173
chrX 12 rs12 A C 30 0.015 NA 1000 -0.0862006368877215 0.658409968092842 -0.198846375832234 0.895836666110012 0.895836666110012 1 2.30678546019604 2.45236579369024 0.0153061224489796 0.0149667405764967
chrX 14 rs14 A C 75 0.0375 NA 1000 -0.0669530002679642 0.435178489173894 -0.353537269200598 0.877726577950734 0.877726577950734 1 5.2803797856055 5.61362250081629 0.0306122448979592 0.0382483370288248
chrX 15 rs15 A C 244 0.122 NA 1000 -0.282011432158098 0.247213403956924 -4.61447911695359 0.253969356725528 0.253969356725528 1 16.3627377856323 17.3953838053051 0.0969387755102041 0.124722838137472
chrX 17 rs17 A C 15 0.0075 NA 1000 -0.191349221470739 0.667156433796143 -0.429903857949668 0.774255412876082 0.774255412876082 1 2.2466977113644 2.38848593039249 0.0102040816326531 0.00720620842572062
chrX 20 rs20 A C 1111 0.5555 NA 1000 0.00437885639511073 0.100617950164553 0.432523562924596 0.96528731344484 0.96528731344484 1 98.7754618780227 105.009142872364 0.540816326530612 0.55709534368071
chrX 22 rs22 A C 656 0.328 NA 1000 0.0158322619367101 0.124781472788137 1.01681689084958 0.899035448251057 0.899035448251057 1 64.2243600386561 68.2775344296915 0.341836734693878 0.32649667405765
