CHR SNP CM POS EFFECT_ALLELE ALT_ALLELE AC AF N BETA SE Tstat p.value p.value.NA Is.SPA.converge varT varTstar AF.Cases AF.Controls
2 rs4 0 4 2 1 20 0.01 1000 -0.0705597073826927 0.765381119548943 -0.120448468248088 0.926547890683781 0.926547890683781 1 1.70704319385588 1.70704319385588 0.0102040816326531 0.00997782705099778
1 rs9 0 9 2 1 4 0.002 1000 -1.28978422825208 1.50572689541519 -0.568885214204605 0.391673854211634 0.391673854211634 1 0.441070065630715 0.441070065630715 0 0.00221729490022173
1 rs10 0 10 2 1 4 0.002 1000 0.616985780119896 1.42610726658976 0.303368699098557 0.665279009106472 0.665279009106472 1 0.491694798929734 0.491694798929734 0.00510204081632653 0.0016629711751663
2 rs11 0 11 2 1 2 0.001 1000 -1.04239824725398 3.4251150789867 -0.08885529988716 0.760869157699709 0.760869157699709 1 0.0852412215016999 0.0852412215016999 0 0.00110864745011086
1 rs12 0 12 2 1 30 0.015 1000 -0.0844508632569127 0.635606538571135 -0.209039029713101 0.894298902479406 0.894298902479406 1 2.47527404281436 2.47527404281436 0.0153061224489796 0.0149667405764967
2 rs14 0 14 2 1 75 0.0375 1000 -0.0703453183243667 0.4197568337525 -0.399245149607459 0.86690908030409 0.86690908030409 1 5.67550420010206 5.67550420010206 0.0306122448979592 0.0382483370288248
1 rs15 0 15 2 1 244 0.122 1000 -0.267251155343618 0.238985270979734 -4.67926154193525 0.263449736915529 0.263449736915529 1 17.5088543056769 17.5088543056769 0.0969387755102041 0.124722838137472
4 rs17 0 17 2 1 12 0.006 1000 -0.0387002576791106 0.808488058836155 -0.0592061248944864 0.961821884772943 0.961821884772943 1 1.52986384187422 1.52986384187422 0.0102040816326531 0.00554323725055432
1 rs20 0 20 2 1 762 0.381 1000 -0.00171437259010011 0.16001466865691 -0.0669554019152849 0.991451750866513 0.991451750866513 1 39.0553385547159 39.0553385547159 0.36734693877551 0.382483370288248
1 rs22 0 22 2 1 459 0.2295 1000 0.136446359117223 0.187963318860614 3.86203088132164 0.467887727914633 0.467887727914633 1 28.3043894048043 28.3043894048043 0.255102040816327 0.226718403547672
