CHR POS SNPID Allele1 Allele2 AC_Allele2 AF_Allele2 imputationInfo N BETA SE Tstat p.value varT varTstar
1 4 rs4 1 2 20 0.00999999977648258 1 1000 -0.0511789982196586 0.204316520681284 -1.2259840272926 0.80220937205531 23.9548265878655 19.596059870484
1 9 rs9 1 2 4 0.0020000000949949 1 1000 0.0773120546797184 0.453572862320568 0.375796811178025 0.864655281674929 4.86077899151489 3.97632250793112
1 10 rs10 1 2 4 0.0020000000949949 1 1000 0.54028131605207 0.453535389651203 2.62662205806422 0.233549153921285 4.86158225358857 3.97697961023282
1 11 rs11 1 2 2 0.00100000004749745 1 1000 0.645597829461863 0.640416650698747 1.57411635656368 0.313411101940637 2.43823055891589 1.99457557479304
1 12 rs12 1 2 30 0.0149999996647239 1 1000 -0.0421778431615998 0.167669058901551 -1.50030139858178 0.801385722500146 35.5708420848723 29.0984511443629
1 14 rs14 1 2 75 0.0375000014901161 1 1000 -0.0222526588752809 0.104229876514603 -2.04831838894342 0.830940129999589 92.048253668184 75.299359118256
1 15 rs15 1 2 244 0.122000001370907 1 1000 -0.0262081778138555 0.0620777292936878 -6.80088108514099 0.672891262900384 259.49461780382 212.277557005063
1 17 rs17 1 2 12 0.00600000005215406 1 1000 -0.0700499034718441 0.263936348552531 -1.00556264794733 0.790697844097998 14.3549469465223 11.7429528771529
1 20 rs20 1 2 762 0.381000012159348 1 1000 0.0642778425943659 0.0419513684446606 36.5232173518461 0.12547334809625 568.208512882594 464.818561575658
1 22 rs22 1 2 459 0.229499995708466 1 1000 0.0165160408492268 0.0485018131931604 7.0208549261472 0.733461806016436 425.093095266586 347.744105548778
