markerIndex p.value p.value.NA var1 var2 Tv1 N AC AF
81310 0.220454109929208 0.180370773084682 1.13627058796047 0.950653664214312 1.3061436318062 1000 74 0.037
111416 0.88046716717534 0.87218467886639 1.06482745985649 0.930284785990999 -0.155174768963697 1000 199 0.0995
37839 0.83289849645034 0.81339213306997 0.923629524519831 0.7378825559629 -0.202769088610192 1000 439 0.2195
44248 0.421894592709263 0.379125086233277 0.668660157218141 0.557577765042451 0.656739679359038 1000 948 0.474
111799 0.247417456710337 0.18850183910937 1.248416624531 0.965811358759829 -1.29234905925251 1000 24 0.012
70674 0.56457135909751 0.513861185051345 1.16892355511166 0.910162511127739 -0.622822681922759 1000 87 0.0435
44844 0.784746606363356 0.767574861005714 1.21807638613575 1.04035909566385 0.301453607127058 1000 46 0.023
90717 0.171326475788516 0.134533292707016 1.19419710064904 0.99790130091667 1.49489090406279 1000 62 0.031
128241 0.203435345821399 0.158148086443711 1.13990049622056 0.925690924066463 -1.35787811556204 1000 134 0.067
24347 0.958274278012399 0.954454795589026 1.1033555822396 0.925895527821226 0.0549565730944468 1000 74 0.037
111467 0.129889311330806 0.0902939131090602 1.08053607936903 0.86387390476745 1.57434518512826 1000 242 0.121
12435 0.718224788012187 0.685010891610798 1.07405899710152 0.849901194821183 -0.373955150544174 1000 252 0.126
101559 0.468388192722487 0.424990632480607 1.20938876807332 0.999047597175795 0.797412984985027 1000 45 0.0225
107454 0.986680310992379 0.985589672569342 0.974905314507488 0.832906078310729 -0.0164837270861918 1000 317 0.1585
60569 0.689354833770143 0.651661951877142 1.13719270707803 0.891540492211048 -0.426269836016983 1000 108 0.054
75866 0.107125524421075 0.0722290258346569 0.845323480705124 0.679089892461108 -1.4814058303844 1000 589 0.2945
44558 0.842463492985629 0.828081974180434 0.58181823894907 0.487308908242089 -0.151595505233251 1000 998 0.499
14763 0.257058789413138 0.193253326200233 1.25137087525722 0.949653310957551 -1.26784114426655 1000 106 0.053
105100 0.446248343654488 0.398415127160243 0.626631523980485 0.509811103701084 0.60294989383817 1000 952 0.476
116280 0.971598895411151 0.969300617821782 0.730791392054754 0.625422793344372 -0.0304357230570214 1000 737 0.3685
106706 0.390406094482293 0.351679753518935 1.08160374982406 0.919859462530985 0.893237936212497 1000 237 0.1185
3008 0.922828235375548 0.916461584794981 1.11002097901641 0.94676380947782 -0.102061696896926 1000 95 0.0475
65323 0.97012509534128 0.966645565478767 0.673447330268649 0.540206065361848 -0.0307340503813412 1000 929 0.4645
92338 0.637178365812568 0.611425852839264 1.06796064426964 0.92044110657549 0.48741088770907 1000 205 0.1025
73469 0.851156249422266 0.83044816356257 1.13346571802549 0.87042744044787 0.199773256366734 1000 220 0.11
35435 0.495067613768725 0.475092641280027 1.07867194827509 0.984333147374992 -0.708600733203136 1000 53 0.0265
18300 0.13065627086827 0.104946095311873 1.11239493368503 0.966810627176982 -1.59420112958352 1000 126 0.063
39608 0.681240466491026 0.650344043431073 1.08221519030586 0.888734052059877 0.427323304547434 1000 206 0.103
89691 0.890772250593732 0.878550985850604 0.726015150459384 0.586374867920624 -0.117011646652218 1000 821 0.4105
78222 0.820919070466526 0.800366641952325 0.730625062345073 0.585466383188108 0.193487451132544 1000 786 0.393
64816 0.0948665522674315 0.0699932655738857 0.68095167170688 0.578620247614893 -1.37830090667645 1000 868 0.434
119556 0.9885677823485 0.987279087089947 1.15301966572491 0.931223753565697 0.0153859260456639 1000 119 0.0595
12185 0.159013194008179 0.110844820687078 1.31687068428222 1.02753223840601 -1.61620715109071 1000 50 0.025
41021 0.863744902209642 0.84631358783228 1.05440778629816 0.826557748966041 -0.176215642163786 1000 263 0.1315
115944 0.174087758784559 0.140794991660716 1.14170673425386 0.972305555194499 1.45229910819492 1000 114 0.057
60896 0.237794754644517 0.19268103938731 0.742956084571605 0.610135243490458 1.01754523165751 1000 762 0.381
61416 0.00908553117943657 0.00416817590848621 1.15500253128496 0.957585182239002 2.80372490812532 1000 99 0.0495
42758 0.759869892101765 0.744784848640651 1.02698965051495 0.905429573901508 -0.309748901239212 1000 122 0.061
85954 0.253806464913621 0.207141246026828 1.04252158872526 0.853142937752447 1.16516174314779 1000 276 0.138
32764 0.696382041608767 0.661009485500351 0.683993693527858 0.54158677133668 -0.3227180663824 1000 850 0.425
72856 0.333074814279262 0.273574159215209 1.18169262670605 0.92358411063915 1.0522047802648 1000 153 0.0765
75088 0.516772179817391 0.477232557048185 1.16609193994876 0.970234956221608 -0.7001028511453 1000 60 0.03
24549 0.0104245558647597 0.00377700440142568 1.09940339674827 0.859920767321267 -2.68571025366409 1000 234 0.117
121558 0.355857791394734 0.313836120447928 1.07586495655244 0.904055205629883 -0.95766911947586 1000 276 0.138
110113 0.777675105046444 0.761377346305592 1.17049008439071 1.01188773300621 0.305472241562896 1000 39 0.0195
63269 0.846707506153465 0.831261055621174 1.09852585615352 0.904201172674457 0.202620969551697 1000 109 0.0545
74818 0.925447950706846 0.921072631329528 1.17818968167602 1.05081358522703 -0.101568851722433 1000 55 0.0275
62970 0.284382758132778 0.243297381909514 0.987320673442798 0.831134014315752 -1.06371725308319 1000 331 0.1655
37852 0.282352191396673 0.23603140759132 1.15696238379883 0.952282976362826 -1.15634764461177 1000 120 0.06
27274 0.551669357839676 0.531688233899387 1.12046724941271 1.01497304694264 -0.63009588765523 1000 56 0.028
