CHR SNPID POS A1 A2 p.value p.value.NA Is.converge var1 var2 N AC AF
7 rs48244 48244 2 1 0.0327178785951993 0.0427875044914696 TRUE 0.0850350327234432 0.0849529359098306 1000 20 0.01
1 rs1360 1360 2 1 0.134930824050629 0.134930824050629 TRUE 0.0745860221055426 0.0746888088905498 1000 15 0.0075
1 rs3424 3424 2 1 0.537377899777234 0.537377899777234 TRUE 0.0652682624714196 0.065271961802048 1000 17 0.0085
2 rs9178 9178 2 1 0.197420219075076 0.197420219075076 TRUE 0.0741793140297518 0.0741612837091517 1000 15 0.0075
1 rs2657 2657 2 1 0.616622993748275 0.616622993748275 TRUE 0.0886212766077979 0.0886605611439306 1000 14 0.007
1 rs4430 4430 2 1 0.653718577383664 0.653718577383664 TRUE 0.0632445313291312 0.0632373246050544 1000 19 0.0095
1 rs6223 6223 2 1 0.517742181619155 0.517742181619155 TRUE 0.0811210270089093 0.0811568125123053 1000 17 0.0085
1 rs427 427 2 1 0.156866952604932 0.156866952604932 TRUE 0.073634291498392 0.073797025455962 1000 16 0.008
1 rs156 156 2 1 0.927744149822347 0.927744149822347 TRUE 0.0817375247545451 0.0818476292318687 1000 16 0.008
1 rs4041 4041 2 1 0.782529184261206 0.782529184261206 TRUE 0.0859744477375502 0.0861689397682487 1000 18 0.009
11 rs75831 75831 2 1 0.751942930236187 0.751942930236187 TRUE 0.0881515257768915 0.0881709091902744 1000 20 0.01
1 rs6436 6436 2 1 0.091982409495166 0.091982409495166 TRUE 0.0802874756295628 0.0802994549998081 1000 18 0.009
2 rs9699 9699 2 1 0.678506268750935 0.678506268750935 TRUE 0.0683228246378338 0.0683596682914578 1000 17 0.0085
1 rs6243 6243 2 1 0.583578977739552 0.583578977739552 TRUE 0.0752058045633535 0.0752172055823449 1000 17 0.0085
1 rs2378 2378 2 1 0.797360355293189 0.797360355293189 TRUE 0.0695422160754519 0.0695635468445816 1000 19 0.0095
1 rs2729 2729 2 1 0.476784997400871 0.476784997400871 TRUE 0.0981931295626705 0.098318667136513 1000 16 0.008
1 rs6004 6004 2 1 0.875823911039793 0.875823911039793 TRUE 0.0829637507685281 0.0830904907007639 1000 19 0.0095
1 rs7441 7441 2 1 0.980937840085693 0.980937840085693 TRUE 0.0599197261268283 0.0599006852643158 1000 14 0.007
2 rs7821 7821 2 1 0.789005211231853 0.789005211231853 TRUE 0.0743034322988302 0.0744978759344345 1000 17 0.0085
1 rs370 370 2 1 0.877388080134174 0.877388080134174 TRUE 0.0565141863251385 0.0565112990392734 1000 13 0.0065
1 rs6807 6807 2 1 0.664842737970118 0.664842737970118 TRUE 0.0757884782577916 0.0757977583321246 1000 14 0.007
1 rs7320 7320 2 1 0.968671251975395 0.968671251975395 TRUE 0.0869318760087234 0.0870011087544807 1000 17 0.0085
4 rs25009 25009 2 1 0.382084270902086 0.382084270902086 TRUE 0.0757526958623927 0.0757913657267492 1000 20 0.01
2 rs9153 9153 2 1 0.0475787123652542 0.0475787123652542 TRUE 0.0813375714554606 0.0813674906592249 1000 11 0.0055
1 rs7449 7449 2 1 0.101463207596483 0.101463207596483 TRUE 0.0835952623197979 0.0839817405640709 1000 17 0.0085
1 rs1515 1515 2 1 0.967339738739439 0.967339738739439 TRUE 0.0667255745060488 0.0666605946109203 1000 11 0.0055
1 rs5867 5867 2 1 0.719404058763995 0.719404058763995 TRUE 0.0636204166830762 0.0636639714058196 1000 18 0.009
1 rs3567 3567 2 1 0.0499238870038825 0.0499238870038825 TRUE 0.0709431770544679 0.0709907869577018 1000 19 0.0095
1 rs3343 3343 2 1 0.457737188896198 0.457737188896198 TRUE 0.0786673103831184 0.0787077624971908 1000 15 0.0075
1 rs4439 4439 2 1 0.350544457870852 0.350544457870852 TRUE 0.0606245280521637 0.060643171004166 1000 11 0.0055
9 rs58950 58950 2 1 0.941384562165001 0.941384562165001 TRUE 0.0437048072186759 0.0437125430877575 1000 851 0.4255
10 rs65586 65586 2 1 0.00337223802257217 0.00186549795156546 TRUE 0.0824055849127681 0.0825580002165459 1000 24 0.012
17 rs109533 109533 2 1 0.527929755847322 0.527929755847322 TRUE 0.0445472524632219 0.0445779182138831 1000 874 0.437
13 rs88303 88303 2 1 0.526422716574411 0.526422716574411 TRUE 0.065604653988413 0.0656588615600113 1000 188 0.094
13 rs84569 84569 2 1 0.194693074662595 0.194693074662595 TRUE 0.0491546769739663 0.0492142843703028 1000 749 0.3745
4 rs23512 23512 2 1 0.158397435677519 0.158397435677519 TRUE 0.0646329478693163 0.0646777506823512 1000 269 0.1345
14 rs94227 94227 2 1 0.0994379601721712 0.0994379601721712 TRUE 0.0802466113645642 0.0803133505387504 1000 93 0.0465
3 rs18318 18318 2 1 0.323569467194548 0.323569467194548 TRUE 0.0715295278755994 0.0715478399646781 1000 143 0.0715
19 rs125458 125458 2 1 0.436631402972367 0.436631402972367 TRUE 0.0797929498048092 0.0797934297002255 1000 59 0.0295
6 rs39862 39862 2 1 0.514524657192029 0.514524657192029 TRUE 0.0625726314253385 0.0626713598201086 1000 23 0.0115
7 rs48767 48767 2 1 0.24867293466309 0.24867293466309 TRUE 0.0745351538919955 0.0745527758861488 1000 33 0.0165
8 rs51477 51477 2 1 0.103987463995644 0.103987463995644 TRUE 0.0687381002056073 0.0688212995718073 1000 149 0.0745
14 rs94501 94501 2 1 0.411719177736951 0.411719177736951 TRUE 0.083089731890209 0.0831898544722009 1000 30 0.015
16 rs105436 105436 2 1 0.577639483643852 0.577639483643852 TRUE 0.0911906038672623 0.091186162138207 1000 32 0.016
2 rs13618 13618 2 1 0.814295745749083 0.814295745749083 TRUE 0.03831260914873 0.038338004263755 1000 992 0.496
10 rs68368 68368 2 1 0.445407482787099 0.445407482787099 TRUE 0.0658569375202563 0.0658994752798368 1000 150 0.075
17 rs112261 112261 2 1 0.587184556747243 0.587184556747243 TRUE 0.0674242025797362 0.067469764570315 1000 210 0.105
2 rs11876 11876 2 1 0.741498367536268 0.741498367536268 TRUE 0.0711759761953815 0.071305097978252 1000 159 0.0795
3 rs20978 20978 2 1 0.423941351447361 0.423941351447361 TRUE 0.0683898341866814 0.0684409364870164 1000 359 0.1795
15 rs101882 101882 2 1 0.281252189493157 0.281252189493157 TRUE 0.0760457024882462 0.0761447720751927 1000 35 0.0175
19 rs123893 123893 2 1 0.854682080435382 0.854682080435382 TRUE 0.082148681494709 0.0821803360241721 1000 24 0.012
1 rs991 991 2 1 0.91105226116162 0.91105226116162 TRUE 0.0698387158333821 0.0698561035519133 1000 75 0.0375
4 rs28215 28215 2 1 0.128074176691765 0.128074176691765 TRUE 0.0714490126355899 0.0714997997527552 1000 81 0.0405
15 rs99486 99486 2 1 0.312674097594732 0.312674097594732 TRUE 0.0714525721038794 0.0714944402875592 1000 119 0.0595
19 rs126512 126512 2 1 0.783665967137571 0.783665967137571 TRUE 0.0512016485147314 0.0512425058626752 1000 695 0.3475
14 rs89859 89859 2 1 0.180139362750398 0.180139362750398 TRUE 0.0484187853782037 0.0484665658263951 1000 764 0.382
15 rs96910 96910 2 1 0.256309325379766 0.256309325379766 TRUE 0.0575077001576788 0.0575663563348064 1000 38 0.019
4 rs23647 23647 2 1 0.585944515267347 0.585944515267347 TRUE 0.065579662496866 0.0655837893550169 1000 48 0.024
15 rs99025 99025 2 1 0.491967424483423 0.491967424483423 TRUE 0.0692628532849376 0.0693257765343004 1000 103 0.0515
3 rs16791 16791 2 1 0.519320162691488 0.519320162691488 TRUE 0.047156659448634 0.0471744042570202 1000 720 0.36
