markerIndex p.value p.value.NA var1 var2 Tv1 N AC AF
40525 0.343929803499094 0.342870386551507 1.27089474723935 1.26532697983264 1.066946999162 1000 20 0.01
3935 0.450917331546899 0.451112027651166 1.30135361283106 1.3024735100867 0.860010337456106 1000 14 0.007
1038 0.243883571943473 0.246521079992868 1.36353005515142 1.37885452818222 1.36076460793297 1000 15 0.0075
5660 0.885343784314791 0.884829792728455 1.33618659931199 1.32420388938563 -0.166684061425587 1000 18 0.009
2658 0.789308661009471 0.789779466655302 1.12772384183627 1.13290284053978 -0.283760270122685 1000 17 0.0085
2194 0.430556724995868 0.433096552653067 1.1850066550923 1.19815069199972 -0.858061661533882 1000 13 0.0065
7232 0.202783377533745 0.197856661172 1.23026144201584 1.20361674450147 1.41270914146825 1000 15 0.0075
4961 0.411968441402095 0.410333271750063 0.983955580586394 0.977100937961125 -0.813826211732816 1000 13 0.0065
2091 0.883976618392104 0.883901667794492 1.26191923674023 1.26027881501218 -0.163930769108435 1000 14 0.007
7438 0.0438151383569221 0.0434346536801733 1.2667088743707 1.26213294596282 -2.26880777012171 1000 17 0.0085
3491 0.432241043286236 0.43055395467815 1.23770855501476 1.22867584491409 -0.873734276638378 1000 19 0.0095
4412 0.26989498582937 0.269736235392928 1.29346900194428 1.29261183309498 1.25479671326172 1000 17 0.0085
4883 0.075361905649819 0.0750915978400102 1.35406490658086 1.35155713332478 2.06925443915097 1000 17 0.0085
6042 0.395319324316673 0.394941861755052 1.29993881801165 1.2978640938786 -0.969138121761551 1000 14 0.007
258 0.616492553866737 0.619360508048414 1.07789372115476 1.09563132752159 0.519967391969869 1000 16 0.008
2646 0.409536870168356 0.412647218259132 1.19347845861686 1.20945420081458 0.900965125488917 1000 17 0.0085
92 0.203490715687448 0.213354171492631 1.10353228407965 1.15243560005837 1.33587750999233 1000 16 0.008
52537 0.780289648250383 0.780821862206535 1.22794501828143 1.23407300105159 -0.30910265651213 1000 20 0.01
3173 0.87796136943967 0.878631742620514 0.998996888454809 1.01015059920544 -0.153477015354492 1000 18 0.009
4984 0.308209049239416 0.306843575602102 1.33127959460981 1.32378505886562 -1.17571852470459 1000 17 0.0085
63928 0.298839826842429 0.299467885534778 1.11090581099996 1.11379720174509 -1.09502145603788 1000 20 0.01
4166 0.778749759538741 0.779821794068099 1.19511250879676 1.20709052573386 -0.307136476563533 1000 17 0.0085
5059 0.852072687206091 0.852446584894804 1.3141489232617 1.32089525356607 0.21376751289845 1000 18 0.009
3779 0.757982444831115 0.758931801810084 1.38031114090195 1.39155558331173 -0.362013091727834 1000 14 0.007
7712 0.720737508050213 0.72214208202763 1.12823565748329 1.14017067491571 -0.379702559818728 1000 17 0.0085
3516 0.450384622809574 0.450671731489409 1.27881634093356 1.2804387762633 -0.853534332838911 1000 19 0.0095
4903 0.674609604961057 0.675573849214598 1.31668530129823 1.32500083687495 0.481742012720573 1000 17 0.0085
5714 0.748168319018263 0.748206492873961 1.24614578767909 1.24653692224335 0.3583971644251 1000 11 0.0055
1858 0.1295479302297 0.128207667355694 1.20734240790194 1.19891101166839 1.66564349781169 1000 19 0.0095
1556 0.733232858614777 0.73427750435044 1.19644396523269 1.20624327890395 0.372805066601607 1000 18 0.009
49879 0.442531683567984 0.442602343282927 0.677609980546742 0.677819902318304 0.632133433644349 1000 851 0.4255
79808 0.725753715243511 0.726426097924978 1.06900045757546 1.07448281759162 -0.362679704740842 1000 296 0.148
54958 0.173165929475153 0.174928518627085 1.18858389053193 1.19835541016521 1.48499269006702 1000 24 0.012
95514 0.604366929635955 0.603843961092395 1.12753819284619 1.12428211288213 0.550180431138277 1000 157 0.0785
94332 0.472840143424909 0.475736743704712 0.695290226306386 0.704463965657035 -0.598585539939457 1000 874 0.437
75578 0.754144354025316 0.755616427865653 1.21135337105409 1.22647880268852 0.34468996483322 1000 49 0.0245
74859 0.197899685356047 0.200214202664634 1.11002680231263 1.12152460432844 -1.35654345587263 1000 188 0.094
22784 0.427293207198026 0.42997893283724 1.11055554591289 1.12355130558083 -0.836563237792226 1000 159 0.0795
71572 0.9682754431182 0.96837388213199 0.768967897127934 0.773764833220862 0.034875792673001 1000 749 0.3745
92291 0.385849871820254 0.389295243494051 1.1153422281159 1.13165299317836 0.915814262471748 1000 79 0.0395
18957 0.246887071710085 0.2474454483625 1.09574627974597 1.0983382142829 1.21211099917758 1000 269 0.1345
80378 0.774829467932651 0.774787107579108 1.14872295140396 1.14827888339402 0.306598576547838 1000 90 0.045
80263 0.675406572282521 0.675797371155865 1.0931475987652 1.09594424223783 0.437807568250371 1000 93 0.0465
108044 0.393645397807271 0.395831192473352 1.2049346042012 1.21612882356572 0.936361475154862 1000 36 0.018
14573 0.585377178010422 0.585553651090875 1.21533319504022 1.21647748287268 0.601423049094275 1000 143 0.0715
71947 0.579218004488482 0.579289029483986 1.21715892903511 1.21761476421967 -0.611781870396593 1000 47 0.0235
107536 0.83908359714226 0.839165208193667 1.28638611599708 1.28771002499561 0.230315132177221 1000 59 0.0295
42965 0.0361181652995784 0.0372001385767165 0.649138536213358 0.656658553093121 1.68840245299276 1000 951 0.4755
33226 0.650698508758923 0.654424695227093 1.35417906976486 1.38562979672707 -0.526910453742586 1000 23 0.0115
74516 0.334254621025616 0.336073366118785 1.14522986217229 1.15388182859787 1.03331892481096 1000 70 0.035
41003 0.582323950091054 0.580175105475115 1.20048410053652 1.18691182035502 0.602609018656517 1000 33 0.0165
92842 0.284821335052483 0.285789299238412 1.17715813877407 1.18189833841242 1.16043018356637 1000 41 0.0205
43232 0.650426095200111 0.652716481840638 1.1242278011578 1.14016682858218 0.480494729842935 1000 149 0.0745
86742 0.822509834211204 0.822031069029293 1.29859280877682 1.29149713627178 -0.255623462202781 1000 89 0.0445
80522 0.463294983304937 0.465165938190431 1.24145938399052 1.25190119514175 -0.817195782812537 1000 30 0.015
20850 0.416925001187516 0.418695372504584 1.22761094563944 1.23698249746333 0.899419056926625 1000 62 0.031
90550 0.891689539227043 0.892209629069928 1.27997335995016 1.29243173941779 0.154053375082728 1000 32 0.016
63208 0.666700444517836 0.667940211774483 1.2387964671752 1.24865873497787 -0.479353100902298 1000 114 0.057
11173 0.264193069659051 0.266573814827393 0.626654737444288 0.632929081903462 -0.883866392646734 1000 992 0.496
45855 0.0974011984141897 0.0988238872572383 0.652296695812938 0.657843464008066 -1.33874689439692 1000 980 0.49
