markerIndex p.value p.value.NA var1 var2 Tv1 N AC AF
26465 0.444032366849982 0.444918464407677 1.85372768667668 1.86095475168951 1.04210721848274 1000 1 5e-04
5646 0.839360218912544 0.83941676542809 1.89197789254325 1.89332898469395 0.278828575429431 1000 1 5e-04
102469 0.100873027944056 0.100225167219238 1.86119883118341 1.85412396306955 2.23824995037082 1000 1 5e-04
52056 0.970249976566701 0.970182831535404 1.89224055360171 1.88372396010935 0.0513022119902648 1000 1 5e-04
4406 0.858896457070612 0.859206886772356 1.84896597882675 1.8572149424941 0.241738140783777 1000 1 5e-04
104284 0.321647976254146 0.322378232145018 1.85153173645383 1.85712853659246 1.34856841482997 1000 1 5e-04
53752 0.0236639955829437 0.0241720200373059 1.82337409259013 1.8365929896499 -3.05516280050101 1000 1 5e-04
92111 0.975929764350024 0.975999308333078 1.84679659322601 1.8575178427056 0.0410030065800064 1000 1 5e-04
83206 0.829629327855048 0.8299030733135 1.89432269988304 1.90051991748005 -0.296157554694773 1000 1 5e-04
53899 0.554510561215466 0.555730893633589 1.84473230345939 1.85614869882033 0.802721639595315 1000 1 5e-04
5035 0.270578523161928 0.270506508247918 1.8426290944439 1.84207524437427 -1.49552829311184 1000 1 5e-04
67125 0.420669649854343 0.422387274407668 1.81854300584171 1.8320483205126 1.08592022883449 1000 1 5e-04
69327 0.665404664951573 0.667409166548598 1.91726395032983 1.94194426965094 0.598811714189597 1000 1 5e-04
52058 0.507496231157969 0.508633245213858 1.85170131819419 1.86165424334623 -0.901840067826102 1000 1 5e-04
43050 0.946427472568967 0.946566570937589 1.75961257144154 1.76879959149476 -0.0891327509447064 1000 1 5e-04
117172 0.0572552536481292 0.0577754101949563 1.81041446441621 1.8179772835704 -2.55830722838708 1000 1 5e-04
1476 0.939089123114601 0.939054091635372 1.88032264136764 1.87815744675526 -0.10478363736407 1000 1 5e-04
112449 0.939089121190522 0.939054091635372 1.88032252234333 1.87815744675526 -0.10478363736407 1000 1 5e-04
32853 0.788493284584095 0.788531591416938 1.84887157956682 1.84955777860166 -0.36477219117204 1000 1 5e-04
68584 0.0113623771034464 0.0114274246059123 1.82013352798027 1.82301695893464 3.41510576519613 1000 1 5e-04
12942 0.179904568053564 0.179084866053518 1.91181713526272 1.90462633162182 -1.85424790757232 1000 1 5e-04
17759 0.726059538897675 0.726145000704806 1.88550567676121 1.88673204445357 0.481108811687139 1000 1 5e-04
51620 0.516483157813646 0.515843010255764 1.87460590006674 1.86889465752586 -0.888279788721949 1000 1 5e-04
87071 0.695673352499514 0.697385142176278 1.84418661566224 1.86620983659696 -0.531208863642746 1000 1 5e-04
73745 0.559408949105523 0.560765900627621 1.89503346749305 1.90818734156574 0.803549713571297 1000 1 5e-04
33001 0.559409194880376 0.560765900627621 1.8950358390229 1.90818734156574 0.803549713571297 1000 1 5e-04
89552 0.507406396563618 0.506937131374499 1.85969358319683 1.85558855052277 -0.903975480248138 1000 1 5e-04
51876 0.295713867774146 0.308724652821761 1.89236949817985 1.99702136370634 -1.43845809249007 1000 1 5e-04
28993 0.0287869339947609 0.0287877743267733 1.87338863978085 1.87340833994434 2.99255390941627 1000 1 5e-04
13876 0.489800241619548 0.489806881475334 1.87342906452582 1.87348637349228 0.945283143426015 1000 1 5e-04
68232 0.967516590827151 0.967505997750295 1.30259584948375 1.30174622328713 0.0464778906936782 1000 2 0.001
73461 0.646904193268558 0.64682334766534 1.30660647709881 1.30596471184637 0.523602315418701 1000 2 0.001
56743 0.0679161068091726 0.0678624533288136 1.28318086302971 1.28268051138046 -2.06795351627055 1000 2 0.001
41448 0.464396931809737 0.465369202848031 1.87281990841805 1.88099484299242 -1.00123744550699 1000 2 0.001
107106 0.826917680682019 0.828048507882572 1.2847653833948 1.30199206816968 0.247841594146314 1000 2 0.001
14225 0.0520868045685201 0.05317654843794 1.31169626078387 1.32384228083183 2.22463519867832 1000 2 0.001
63394 0.588419867699449 0.591328697417415 1.2955093756682 1.31593325718568 0.615913460621646 1000 2 0.001
101063 0.370157372008685 0.37440314768903 1.56543372095295 1.59348397274438 1.12127443820229 1000 2 0.001
57470 0.170358905142969 0.177804349812866 1.86552082180023 1.93116879383409 -1.87263793054834 1000 2 0.001
1046 0.0679163231497094 0.0678624533288136 1.28318288047227 1.28268051138046 -2.06795351627055 1000 2 0.001
66409 0.921251326760798 0.921215398146345 1.31304209587673 1.31184087200143 0.113279005852923 1000 2 0.001
115243 0.826383064495311 0.826331950877164 1.32256737230929 1.32177637214901 0.252250585142622 1000 2 0.001
107952 0.262309336577116 0.262344680509144 1.30431112186424 1.30450435408127 1.28019659184649 1000 2 0.001
2321 0.000234634757990887 0.000233377520361626 1.29918481817038 1.29821739436967 4.1927890365457 1000 2 0.001
99705 0.0407516026034898 0.0412796361311809 1.86437034922131 1.87413697862936 2.79371442570596 1000 2 0.001
58512 0.571410865666384 0.571133609091167 1.30883571414632 1.30695120231034 0.647499913614432 1000 2 0.001
121124 0.0516562361516989 0.0529399579425818 1.31841582053438 1.33286569426218 -2.23442745201099 1000 2 0.001
46390 0.492596764316058 0.492338730051666 1.3136468108863 1.31208106536998 0.78646648141268 1000 2 0.001
104039 0.523082308129604 0.522899441388861 1.30195047988371 1.30080523904674 -0.728663574287208 1000 2 0.001
78619 0.0318477174079796 0.031771263752849 1.33187346150058 1.33068293156156 -2.47699593749171 1000 2 0.001
105629 0.851487289604787 0.852745212481311 1.55846847512413 1.58552322450985 -0.233724253163929 1000 2 0.001
127248 0.00908485702111967 0.00909671333906606 1.31449230892567 1.31494222060268 -2.99107418026664 1000 2 0.001
4536 0.287218984217463 0.291993067365967 1.29709724898128 1.32303261856841 1.2120673544675 1000 2 0.001
44214 0.42385221390865 0.424060909543312 1.27647209522486 1.27762230606757 0.903572777544923 1000 2 0.001
104435 0.405818161844384 0.409779606439466 1.88345168744065 1.915547931529 1.14083302401073 1000 2 0.001
95416 0.541699707734524 0.543617667945493 1.83863421437491 1.85619324105521 -0.827468941102322 1000 2 0.001
35707 0.945742778214489 0.945735738327371 1.2823858681892 1.28205263910423 0.0770658504517664 1000 2 0.001
73297 0.69824437876972 0.696737208869621 1.59740181470748 1.58074555580258 0.489996883360272 1000 2 0.001
104354 0.562697855148751 0.562688808769688 1.32465075715047 1.32458940198499 -0.666205837601829 1000 2 0.001
16369 0.503267905026009 0.503086549283881 1.31720158724706 1.31608299766924 -0.768216798034212 1000 2 0.001
94944 0.203685426172387 0.206617158849131 1.29942190426339 1.31634932436601 1.44897922138611 1000 3 0.0015
38487 0.129532010440879 0.128654410172813 1.32512523247839 1.31906292073238 -1.74507188945384 1000 3 0.0015
118807 0.808369507736827 0.809199578009671 0.962210927936526 0.970767718129473 -0.237903386206083 1000 3 0.0015
1747 0.492525842084078 0.504823670800768 1.29460371426578 1.37092738416581 -0.780873209424936 1000 3 0.0015
13252 0.585385527320379 0.58474841258744 1.2794360484721 1.27509961702369 0.617066560870774 1000 3 0.0015
106276 0.241288250688936 0.227831708692498 1.2801591814549 1.2086006071011 -1.32579211808178 1000 3 0.0015
105019 0.683734550969072 0.684874649345836 1.48015966985169 1.4915028723075 0.495616553973616 1000 3 0.0015
39802 0.0803567260120078 0.0815283501753361 1.47806589498687 1.48951574603142 -2.12589759492236 1000 3 0.0015
35914 0.291454672718036 0.28462577029329 1.31111109639274 1.27448778952694 -1.20794118989278 1000 3 0.0015
72144 0.675174787210098 0.667363988022304 1.24901622190224 1.18752856040607 0.468335088276734 1000 3 0.0015
1622 0.442925051656004 0.443850640502133 1.46285098901925 1.46880295557621 -0.927992370798462 1000 3 0.0015
78388 0.232418248846967 0.234749215179278 1.47627319225399 1.49106754040243 1.45091919053313 1000 3 0.0015
6772 0.17414862967234 0.178685311078826 1.49914810633101 1.5309284727967 -1.66394768837385 1000 3 0.0015
87250 0.569248382044701 0.572957618990326 0.94331092474873 0.96166567191136 -0.552790896171399 1000 3 0.0015
62980 0.520822657443939 0.519729744105524 1.28389260403541 1.27718345427214 0.727531857739708 1000 3 0.0015
28251 0.939930924355396 0.940015170907285 1.49381418420361 1.49802110535298 0.0921022106385942 1000 3 0.0015
122375 0.448667024199218 0.451762096965169 0.920313512755845 0.932975054297163 0.726825773228005 1000 3 0.0015
2450 0.771299988994256 0.773346629644723 0.966746209611647 0.984786445002949 -0.285800993145867 1000 3 0.0015
121906 0.918241645587186 0.918082450475443 1.2723626709233 1.26740477518628 -0.115786968271288 1000 3 0.0015
81092 0.393649954705869 0.397712074265077 0.950455469178707 0.966940003670714 0.831617274560051 1000 3 0.0015
11861 0.0456880124517077 0.0454140246506872 1.29205035592899 1.28877842703502 -2.27139493043945 1000 3 0.0015
56846 0.163777306386586 0.189948815939556 1.27012458238985 1.4334976220078 -1.56932143944574 1000 3 0.0015
33786 0.583708639710399 0.584580665450027 1.50029494936683 1.50727083500705 0.671196316485939 1000 3 0.0015
48630 0.293781616910923 0.296143743285749 1.45789721514087 1.47223067715457 -1.2676390898284 1000 3 0.0015
89804 0.886492051083303 0.88744540028911 0.950011894797888 0.96628366490918 -0.139130900271377 1000 3 0.0015
113605 0.448666863986175 0.451762096965169 0.920312862765014 0.932975054297163 0.726825773228005 1000 3 0.0015
12824 0.672489111783495 0.67403215183018 0.956551493726795 0.96618947833769 0.413448752740093 1000 3 0.0015
57640 0.175653955716513 0.179821211188393 0.959496938340138 0.978117673750581 1.32654910833376 1000 3 0.0015
100003 0.369181703917174 0.372863183487042 0.954517126336582 0.969321984094644 0.877347590453709 1000 3 0.0015
31919 0.0848198058942928 0.0876746932573341 0.951230957522826 0.968673684011417 -1.6808310766125 1000 3 0.0015
24365 0.527814645760383 0.545056127742464 1.43759632555982 1.56456970303655 -0.756982018118928 1000 4 0.002
3400 0.303569406039969 0.289900478083695 1.01594380949531 0.96003896265747 1.03697820007808 1000 4 0.002
57981 0.832873183896894 0.831413113418172 1.03539458745637 1.01727044611483 -0.21472002932163 1000 4 0.002
13040 0.691511899438817 0.702833665441839 1.0351414298435 1.11986911876779 0.403716070344756 1000 4 0.002
55674 0.858024111629601 0.858736449297692 1.56089943686922 1.57685058025045 0.223497882434471 1000 4 0.002
104270 0.580367260690177 0.597960233572878 1.47176850931946 1.61762029084057 -0.670696078690857 1000 4 0.002
87993 0.726048223024887 0.728376809330313 1.55680285754429 1.58473397200162 -0.437184635851189 1000 4 0.002
18146 0.620193748127965 0.635049541046713 0.996917380033087 1.08684073878563 -0.49481134919285 1000 4 0.002
20914 0.530178492446505 0.53217675292707 1.30256497756054 1.31530262143986 -0.716432123415876 1000 4 0.002
58581 0.493877392199909 0.495836487615611 1.42547233410786 1.43847668976977 0.81683399421321 1000 4 0.002
72680 0.25771885150676 0.27738647706969 1.12775599795664 1.2244104650482 1.20192388846527 1000 4 0.002
117294 0.961534420509857 0.961772342532169 1.67648268868819 1.69743211592541 -0.0624453475006317 1000 4 0.002
13276 0.195003566126478 0.192374711221552 1.1684580000474 1.15475268389365 -1.40082615424587 1000 4 0.002
114689 0.0911399853846368 0.0935042901738053 1.68975770098757 1.71446916857279 -2.19608166791562 1000 4 0.002
66432 0.556635607508305 0.543130241635993 1.03781453416908 0.969876818609175 -0.598857516280475 1000 4 0.002
304 0.400035866494391 0.402398318205475 1.42368659739927 1.43804388622776 1.00413204636493 1000 4 0.002
90183 0.576696456082176 0.578460410989023 1.56782048306299 1.58242354021983 -0.698957789538496 1000 4 0.002
35679 0.346399534403852 0.346629514051081 1.29635859091837 1.29759562648275 1.0720799293686 1000 4 0.002
62094 0.903782649148545 0.90442848737638 1.56803768075296 1.58940564502599 -0.151372950857052 1000 4 0.002
90516 0.193161247846339 0.194179568966977 1.42801303362332 1.4345547079521 -1.55502791348541 1000 4 0.002
5874 0.952581165607398 0.952487332660558 1.0163497316019 1.0123345792069 -0.0599498771687506 1000 4 0.002
14183 0.229546782028388 0.22732624397381 1.14660414239168 1.13571208376304 -1.2865905027628 1000 4 0.002
95201 0.97473608709081 0.974677261347838 1.0258128866352 1.02105082127464 -0.0320750408566512 1000 4 0.002
114884 0.618876760966143 0.621355930122448 1.17562137938901 1.19240534913497 0.539357810832286 1000 4 0.002
39874 0.832918640160376 0.839962778868044 1.01656011586454 1.10938703670134 -0.212699387217488 1000 4 0.002
2855 0.53403440215048 0.533206623278635 1.01905806313995 1.01494337996578 0.627757030102337 1000 4 0.002
13995 0.590513411707133 0.594138948994415 1.14991334591401 1.17266006636085 0.577017834957094 1000 4 0.002
59152 0.703202953936318 0.705536770546338 1.144338195347 1.1634564465284 0.407570390206541 1000 4 0.002
5656 0.653556989349995 0.65295977550718 1.03677588729245 1.03296127903167 0.457004744399094 1000 4 0.002
110474 0.798486821701626 0.799696261511757 1.42327664230581 1.44089556422843 0.304582929927817 1000 4 0.002
39371 0.852722742754434 0.852758442318434 1.41905028810319 1.41974644618032 0.221148195783078 1000 4 0.002
94723 0.779565841244386 0.77967475219942 1.41775762456218 1.41919680845975 0.333257863836567 1000 4 0.002
99969 0.0818938030965259 0.0834213209491885 1.16792233521939 1.17959734982516 1.88021187296694 1000 4 0.002
90172 0.810303994087695 0.818766464703634 1.14913022921725 1.26108259199676 0.257310296171945 1000 4 0.002
38018 0.481351936146739 0.484561537473417 1.31017372695759 1.3295323274446 0.805966842320897 1000 4 0.002
111051 0.588520717609146 0.589183224626246 1.42541651184697 1.43049385058183 -0.64588152166738 1000 4 0.002
21389 0.764462855503521 0.765861676540316 1.30750793691061 1.32365498146095 -0.342610676482804 1000 4 0.002
126080 0.993289890391154 0.993297288352194 1.40628747247823 1.40939357260333 0.0099731356533532 1000 4 0.002
8313 0.561169697225348 0.560727126685565 1.32560247637806 1.32261086527181 -0.669054130936209 1000 4 0.002
13120 0.842635642389818 0.842415422442732 1.03098739435056 1.02806972764411 -0.201575712506354 1000 4 0.002
106654 0.0689790277399809 0.0763557796724931 1.06883972694338 1.12544561579953 1.88010989746581 1000 5 0.0025
100788 0.562771246846906 0.556643760570122 1.30346476551051 1.26340399812464 0.66073266968509 1000 5 0.0025
49746 0.709533219348477 0.710289357225542 1.31988670677265 1.32711350189329 0.427932093580776 1000 5 0.0025
41430 0.922352448420551 0.924978825462675 0.955805839976733 1.02411592312346 0.095292733150434 1000 5 0.0025
102264 0.14511042931895 0.14831954620987 1.72263256762121 1.75022068671067 1.9123276505536 1000 5 0.0025
73360 0.988416346381238 0.988441289549439 1.26984653692888 1.27533337724448 0.0163604926644437 1000 5 0.0025
74156 0.158680475592008 0.175284634348716 1.38576754202242 1.49861083761984 1.65927154510597 1000 5 0.0025
65318 0.587097017792511 0.590081947161007 1.19882027785484 1.21817053065859 -0.594586374074187 1000 5 0.0025
2973 0.344124985693152 0.346114798969625 1.05459539828104 1.06333138884286 -0.97152798431169 1000 5 0.0025
89558 0.0358535769346033 0.0412851543134552 1.0540799230975 1.11477502890722 -2.15458262908882 1000 5 0.0025
66770 0.260380666623277 0.262643382431516 1.26701223389758 1.27909084433468 1.26687206739688 1000 5 0.0025
41367 0.899879505849737 0.898545297337072 1.51835296763906 1.47847050437182 -0.155029315969859 1000 5 0.0025
97138 0.592272794876616 0.594705055790252 1.08313593761785 1.09749581977198 0.557362505848809 1000 5 0.0025
105677 0.655571974084115 0.650372971503664 1.28989481888296 1.24918800815116 -0.506577707542864 1000 5 0.0025
111936 0.80777943454435 0.808792571180047 1.41980921199131 1.43519633373316 0.289896042017845 1000 5 0.0025
94064 0.265167507933394 0.265939979195638 1.50163116289947 1.50649267583943 1.36542646584292 1000 5 0.0025
38622 0.832316810696875 0.833305609231802 1.0906506355955 1.10382372998094 0.221119740863402 1000 5 0.0025
57565 0.282492516608157 0.274985454610811 0.950395727952159 0.921168872754628 -1.04774215417265 1000 5 0.0025
12057 0.668911137582223 0.669691297421104 1.40225332202477 1.40930455448332 -0.506400925440469 1000 5 0.0025
2416 0.404880991757483 0.401708844373487 1.20163281348807 1.18553057796943 -0.913055902690861 1000 5 0.0025
45735 0.226403131628256 0.242843928297541 1.52671411291459 1.63786795041602 1.49467932853539 1000 5 0.0025
56142 0.211399426495199 0.211782514836237 1.21508428090981 1.21712407599388 -1.37758442800479 1000 5 0.0025
113069 0.652446097235306 0.65569585916834 1.19428198977061 1.21852793352612 -0.492175115984355 1000 5 0.0025
40141 0.384287538796553 0.386452624025131 1.52763469778942 1.54161910617264 -1.07532752253489 1000 5 0.0025
112331 0.00503039437325305 0.00656475999530451 1.19427603833288 1.27188522714535 -3.06547486028086 1000 5 0.0025
95349 0.0258244263795337 0.0268429873335484 1.2887567982672 1.30633714927886 -2.5302576519222 1000 5 0.0025
110695 0.336494126579827 0.336448520297455 1.28772632729477 1.28748327020412 -1.09065486787641 1000 5 0.0025
42522 0.367906633866769 0.370144813606235 1.10916376005517 1.1195825450852 -0.948274420040943 1000 5 0.0025
1221 0.5267156256122 0.535718773640854 1.04755430802462 1.09450998518484 0.647904375582669 1000 5 0.0025
43835 0.349658345717612 0.348585673332398 1.29691647064948 1.29115607828988 -1.06508615347672 1000 5 0.0025
126473 0.619703365460505 0.603910255979316 0.961807810973888 0.880136245731841 0.486701709685203 1000 5 0.0025
42608 0.128233346549682 0.130762891764163 1.19889173169968 1.21482041287689 -1.66551803423003 1000 5 0.0025
90924 0.883709702616186 0.883706163368827 1.19851559718898 1.19844212539306 0.160129605580929 1000 5 0.0025
80833 0.941746808562913 0.941979154769828 1.05177414732565 1.06022977571853 -0.0749423459932409 1000 5 0.0025
72371 0.280646965378216 0.28123004064719 1.17912135602459 1.18198314859096 -1.17151327120806 1000 5 0.0025
77295 0.943855718198148 0.943894332364163 1.2911581481428 1.29293895525555 0.0800228583924892 1000 5 0.0025
41541 0.796275460145136 0.7982125407497 1.0812604141013 1.10258901491564 -0.26845498362757 1000 5 0.0025
124444 0.923955251063538 0.923917617488342 1.51198719395278 1.51048722784859 -0.117371408672047 1000 5 0.0025
100923 0.342623510898939 0.34674248446104 1.7092476922318 1.7386843093631 1.24069806585126 1000 5 0.0025
33020 0.564675716136862 0.569042342015515 1.09111710193981 1.11596629160024 0.601576185557923 1000 5 0.0025
112425 0.743339833569499 0.74430146665992 1.1208688055549 1.12962381198934 0.346657699241209 1000 6 0.003
120301 0.705187741744755 0.706011251609422 1.15851146676943 1.16533003707637 -0.40720905381864 1000 8 0.004
5347 0.524868183751249 0.52545539112756 1.046267764738 1.04923778038906 0.650402791106096 1000 7 0.0035
5030 0.714205725386967 0.713489279196986 1.36977790074159 1.36262170769402 -0.428607234685295 1000 7 0.0035
106297 0.920767445540671 0.92099724433467 1.21984483394006 1.22697507121019 0.109857964838724 1000 8 0.004
48213 0.00981204684450718 0.0104372307457144 1.29867067195104 1.32045146949353 -2.94286448326757 1000 6 0.003
65655 0.248671442445376 0.252211175367704 1.27438928698826 1.29357624330751 1.30226585749185 1000 7 0.0035
50165 0.565348250174796 0.567042936860323 1.26356397841257 1.27464239873165 -0.646253421223261 1000 9 0.0045
103784 0.121551727154453 0.123363642272803 1.48356262620654 1.49801275706952 1.88584563613773 1000 6 0.003
112199 0.488572125910095 0.490606438295874 1.26868812836437 1.28063123436801 0.780096666563424 1000 7 0.0035
104396 0.448861429304908 0.453536051847996 1.00509348491295 1.02607149687344 0.759240796519414 1000 8 0.004
90595 0.382589147044714 0.384840235899968 1.46487871100783 1.47881195092793 1.05677505220179 1000 10 0.005
88607 0.0153085898625356 0.0154002741291063 1.30350433100553 1.30583877547463 2.76864401931353 1000 7 0.0035
62326 0.437774581049984 0.440009729456134 1.54931321730343 1.56451836594765 0.965844193680533 1000 6 0.003
32659 0.890942481482971 0.891502758930224 1.12820240985882 1.13995800281753 -0.145635791182968 1000 6 0.003
3683 0.464040205974786 0.471602386608099 0.892213139208874 0.923053675516651 -0.69162415615872 1000 6 0.003
31591 0.677469107685359 0.676346401307567 1.35652314797147 1.34656729388006 0.484420601546653 1000 7 0.0035
109355 0.814762882015701 0.81549283394118 1.29316724886102 1.30360926235424 -0.266424314964614 1000 6 0.003
61028 0.91800185237673 0.916836177567235 1.21881575229044 1.1847677545436 0.113657903831179 1000 7 0.0035
59575 0.781740838839942 0.783698720512426 1.21525923528764 1.23793312080039 -0.305417843006444 1000 7 0.0035
28847 0.744750718950468 0.746187665875561 1.13421639969538 1.14756015428389 -0.346729319735962 1000 10 0.005
21234 0.539974273471548 0.543875002849802 1.10236825088111 1.12386029182456 -0.64345603966532 1000 8 0.004
2491 0.117269796736589 0.119303450632029 1.09166276926998 1.10379636693264 1.6365504324282 1000 10 0.005
33487 0.622620821175821 0.620907418317215 0.911307020143993 0.902390862865955 0.469808065131735 1000 6 0.003
92942 0.482573474189161 0.483208757186388 1.27490688784523 1.27861324128402 -0.792832025713956 1000 6 0.003
86261 0.68701004489163 0.698397455941898 0.912544040624632 0.98667428974043 0.384894224708573 1000 6 0.003
76566 0.0655960375803125 0.0683945102447638 1.25813625547568 1.28419398550085 2.06518382555502 1000 10 0.005
31246 0.751800323413293 0.75202736795046 1.49191093431276 1.49473716002871 -0.38629979990568 1000 8 0.004
41206 0.87805596998701 0.878602047947666 1.53565519410422 1.54961094917399 -0.19013790051353 1000 7 0.0035
76146 0.0107045946462945 0.0110268019240418 1.25723756752847 1.26749574465815 2.86169196143989 1000 10 0.005
122682 0.285009912734195 0.288352761867597 1.12322174686871 1.13891301600602 1.13308981014385 1000 20 0.01
87230 0.389478196556769 0.390855094102 1.34161076533025 1.34942838513244 0.996773454209008 1000 18 0.009
85099 0.462602625439119 0.469559947097794 1.20671415175829 1.24496551186405 -0.806926940280009 1000 17 0.0085
90484 0.694511956588373 0.696378391704946 1.29330526012771 1.31010037841187 -0.44663732114838 1000 13 0.0065
55278 0.943340591137106 0.943264107887884 1.36412287401553 1.36044132604409 -0.083008815862375 1000 14 0.007
60025 0.0326737119385486 0.0336111205999122 1.31373295013214 1.32782301666398 2.44832472628994 1000 18 0.009
21410 0.882070622668265 0.883115980578177 1.29677498064175 1.32024590326515 -0.168929221885 1000 19 0.0095
53160 0.26201370843204 0.264303282984964 1.26555021382089 1.27774793715429 -1.26181255430299 1000 13 0.0065
8566 0.265965067313104 0.273506275889249 1.09374884367711 1.12874187254495 -1.16337791954954 1000 18 0.009
34738 0.989019200431498 0.989046805413727 1.06247707816204 1.06783961858995 0.0141862431021223 1000 13 0.0065
34536 0.465498226059264 0.468945252901412 1.10690217515921 1.12417023278946 -0.767842806030127 1000 13 0.0065
117759 0.22488697329146 0.224422970186803 1.29479384733492 1.29220426276775 1.38098371768189 1000 12 0.006
488 0.165404299878627 0.169039872328243 1.19453083700221 1.21516493317192 -1.5160503131316 1000 17 0.0085
106068 0.316659963400994 0.318077521065457 1.20749876414308 1.2145935235971 1.10034064054458 1000 18 0.009
27382 0.296024248923407 0.295050302561354 1.17376873472349 1.16904389906631 1.13215635478634 1000 16 0.008
22439 0.906474140775103 0.907118954656185 1.39227201624879 1.41175993122141 -0.138628295068356 1000 17 0.0085
61925 0.282586832286396 0.283784930459393 1.32026936670841 1.32685725569554 1.23466276677227 1000 14 0.007
32992 0.817933543674445 0.819097416129248 1.03189664759917 1.04545497954726 0.233846170652191 1000 11 0.0055
48198 0.937625365655194 0.937896553416365 1.24751066590201 1.2584518045214 -0.0874043727540572 1000 14 0.007
124801 0.450563569859904 0.450780431379753 1.22396926264358 1.22514215452405 0.834700303477301 1000 20 0.01
121160 0.94412306286233 0.94414335662079 1.21867737885944 1.2195645278193 0.0773735213842213 1000 15 0.0075
103871 0.19932486623683 0.202337808109192 1.34471816507273 1.36283207349066 -1.48834587313736 1000 12 0.006
48966 0.479843287516598 0.480130974982225 1.13553326878651 1.13702202956888 -0.752914537160319 1000 18 0.009
3251 0.166054140548503 0.167580817773505 1.12114883838032 1.12924792623739 1.46649198329238 1000 19 0.0095
106039 0.70833582898967 0.711516286824835 1.1227589674824 1.1488456630956 0.396389143859428 1000 11 0.0055
62118 0.67540101497321 0.677353191753349 1.07739378914456 1.09126244618412 0.43464929717268 1000 11 0.0055
17843 0.333383608403751 0.331809076743833 1.15490833430962 1.14741030016283 1.03954754304718 1000 20 0.01
28587 0.648636414060791 0.647013235984858 1.28596888251538 1.27331750301344 0.516717994552744 1000 14 0.007
33040 0.546057242720152 0.552640408618361 1.21027111013391 1.25084091142905 0.6641210166961 1000 12 0.006
23218 0.0929083016657023 0.0943473993306282 1.29122841045178 1.30260587637283 1.90930781348375 1000 20 0.01
84780 0.701130448600255 0.703795448699964 1.24356738284422 1.26718174336297 0.427990265068848 1000 29 0.0145
108314 0.129134044710963 0.136318626917634 1.09272649786906 1.13401867767539 -1.58632348020724 1000 43 0.0215
53581 0.961872659917591 0.962054846715916 0.64771729896792 0.653956777122328 -0.0384728693485295 1000 921 0.4605
75972 0.128299113522329 0.129541258268177 1.04829620913681 1.05512594584889 1.55713596472908 1000 336 0.168
25561 0.0566244234575643 0.0582713056643919 1.1634445148125 1.17891367853477 2.05608478927812 1000 147 0.0735
59986 0.159222019611136 0.165635161198671 1.12621510931283 1.16113142588385 1.49388993303278 1000 37 0.0185
97274 0.55402890338983 0.553292349707602 1.16871143638347 1.16437791665727 -0.639705339067938 1000 61 0.0305
124159 0.736341144826845 0.738498477547571 1.09669190392268 1.11556380829932 -0.352605203859526 1000 51 0.0255
71895 0.748646452918037 0.751548311739347 1.20826324883127 1.23764415088019 -0.352214054470522 1000 40 0.02
8243 0.283132809715959 0.285640074730645 1.08980470685052 1.1012114489517 1.12046637998513 1000 152 0.076
46982 0.922772494847663 0.92341547534577 0.96959954487203 0.986000129599943 -0.0954570371312327 1000 428 0.214
20170 0.707410873311848 0.709876119600342 0.666091437793007 0.678008418972379 0.306328013842105 1000 898 0.449
96631 0.0611085730060449 0.0624319685720699 1.05675112628266 1.06754751161268 -1.92511495989992 1000 345 0.1725
26432 0.4912551044163 0.494176069019297 1.16802931214811 1.18391012876929 0.743898078139658 1000 96 0.048
54364 0.745904449869309 0.747527804549281 1.09820687619628 1.11288126170278 -0.339583473894128 1000 170 0.085
70051 0.301192881605033 0.307558387587587 1.13742549396725 1.16776754796786 -1.10263318806789 1000 176 0.088
120359 0.941935836692664 0.942087829142128 1.2090259893346 1.21539182586255 -0.0800884333826634 1000 53 0.0265
114230 0.831556601116447 0.833648588447541 1.23126768653933 1.26290474404009 -0.236023452151132 1000 25 0.0125
84375 0.0554013417615596 0.0569981382847881 1.15914944858548 1.17429017856482 2.06253196536058 1000 59 0.0295
7350 0.564190988305784 0.56643188224449 1.14081417821539 1.15403850882182 0.615889712685297 1000 60 0.03
55593 0.20268352908989 0.207068759587046 1.32598433309504 1.35191474607463 -1.46696339958171 1000 49 0.0245
15338 0.715238977897099 0.716609201485654 0.6129461376097 0.619158509847097 0.285627904597253 1000 974 0.487
64666 0.649783405324926 0.649840027896318 1.15945591256569 1.15985778908476 0.488926230403839 1000 179 0.0895
63328 0.638419870801091 0.640485580502705 1.20266881774294 1.21759559948275 -0.515331867468251 1000 69 0.0345
63820 0.858754195540922 0.861056906818582 1.14782575824368 1.18659448093642 0.190660612288061 1000 27 0.0135
100797 0.186035194300776 0.187685144744985 1.21030992621076 1.2194059268943 1.45482560284179 1000 49 0.0245
20025 0.370840506172894 0.375994501286595 1.13314105232606 1.1578478691183 0.952613061279362 1000 151 0.0755
27807 0.0627440061983019 0.0640167923535372 1.29958994417728 1.31216422081605 2.12153316848317 1000 24 0.012
15453 0.91441129101786 0.915023886865662 1.13744752608606 1.15396995799886 0.114624526039553 1000 112 0.056
61729 0.261871993319121 0.264008527655224 0.728254935908202 0.734803539840128 0.95747154986335 1000 782 0.391
