markerIndex p.value p.value.NA var1 var2 Tv1 N AC AF
81310 0.22882902404399 0.188304307273575 1.13908140412639 0.953027027027038 1.28434124987993 1000 74 0.037
111416 0.900300713348064 0.893308411757731 1.06773061416702 0.931653266331635 -0.129454670410917 1000 199 0.0995
37839 0.848010337363298 0.830097410392811 0.925905370339909 0.738676537585417 -0.184420666590669 1000 439 0.2195
44248 0.419521071460481 0.377462492278896 0.669913950560917 0.560438818565398 0.66072214875588 1000 948 0.474
111799 0.26591591316755 0.20682720810772 1.25657310070232 0.976000000000014 -1.24709789459471 1000 24 0.012
70674 0.558994653459451 0.5082324867384 1.17038116800764 0.912999999999983 -0.632158364923012 1000 87 0.0435
44844 0.780143493603143 0.762534407505842 1.2197501637114 1.04095652173912 0.3082798479333 1000 46 0.023
90717 0.185177044505368 0.14734969485715 1.19889743783419 1.00251612903226 1.45077836517954 1000 62 0.031
128241 0.200274871270678 0.155026845974612 1.14110970112719 0.925701492537305 -1.36815232361441 1000 134 0.067
24347 0.958687050758068 0.95487026117965 1.10519617077879 0.926000000000014 0.0544577906187406 1000 74 0.037
111467 0.138878328894359 0.0977564869111592 1.08331459942131 0.86543801652891 1.5403996993627 1000 242 0.121
12435 0.712328916700809 0.678370693233421 1.07657268532048 0.851174603174609 -0.382587045009006 1000 252 0.126
101559 0.47260935646909 0.429186600855099 1.21092138253829 0.999444444444429 0.790364680927559 1000 45 0.0225
107454 0.957996326739056 0.954522324074047 0.978308161045997 0.834419558359627 -0.0520937708179649 1000 317 0.1585
60569 0.681696431302791 0.643110980584695 1.13842877550766 0.891999999999999 -0.437617725903505 1000 108 0.054
75866 0.11039384002359 0.0747197473550851 0.846519016408534 0.679251273344647 -1.46881466260364 1000 589 0.2945
44558 0.821154716292077 0.804659278793212 0.585278368939574 0.48897394789579 -0.172943822922603 1000 998 0.499
14763 0.258001601548423 0.194174035746389 1.25241068194076 0.950603773584921 -1.2658574071448 1000 106 0.053
105100 0.433135530645584 0.384598426405228 0.627725300581758 0.510184873949581 0.621027445004958 1000 952 0.476
116280 0.942250529826475 0.937488843419639 0.734455127037437 0.626636363636354 -0.0620826562033217 1000 737 0.3685
106706 0.40798079113959 0.369830867009804 1.0845669662239 0.923337552742627 0.861729803193242 1000 237 0.1185
3008 0.913827966542274 0.906679048553231 1.11152096839429 0.947105263157882 -0.114085913976905 1000 95 0.0475
65323 0.956067278476413 0.950900340328858 0.675060639949082 0.540321851453176 -0.0452625548221735 1000 929 0.4645
92338 0.636173939903301 0.610341661157044 1.06969972494396 0.92182926829269 0.489263232059117 1000 205 0.1025
73469 0.854826007357196 0.834589405555055 1.1344378293685 0.870909090909088 0.194875291423582 1000 220 0.11
35435 0.498074328018985 0.477960998937143 1.08014447027298 0.984735849056602 -0.704149408501423 1000 53 0.0265
18300 0.134932115782505 0.108906679306715 1.11461052809431 0.969238095238084 -1.57827650410242 1000 126 0.063
39608 0.664763624319547 0.632029222834683 1.08815645524052 0.891087378640791 0.452043457259547 1000 206 0.103
89691 0.893568739442351 0.881660685347112 0.728286016436793 0.588257003654077 -0.114175838686676 1000 821 0.4105
78222 0.79763220451103 0.774172205924181 0.733121470429493 0.58550127226463 0.219546972454374 1000 786 0.393
64816 0.0925426572790032 0.0683947354894753 0.682293509939554 0.581308755760363 -1.38946137141484 1000 868 0.434
119556 0.987384742482975 0.985956827136592 1.15423047809733 0.931420168067214 0.0169871461536789 1000 119 0.0595
12185 0.156533480527408 0.108633099774689 1.32072118990412 1.03 -1.6282550435444 1000 50 0.025
41021 0.883355824682558 0.86839297483841 1.05645678960154 0.828254752851722 -0.150801171008199 1000 263 0.1315
115944 0.169593621267098 0.136638406666967 1.14346937944586 0.973719298245592 1.46873800510465 1000 114 0.057
60896 0.236480786828853 0.191151797691024 0.744599640595463 0.610703412073492 1.02152820181399 1000 762 0.381
61416 0.00945799641344735 0.00440880485066722 1.1576674941812 0.961606060606051 2.79213198544299 1000 99 0.0495
42758 0.773198585241269 0.759174980576506 1.03060346048822 0.910786885245882 -0.292570178054304 1000 122 0.061
85954 0.254493105255524 0.207604370545129 1.04499134347239 0.854434782608709 1.1648556352274 1000 276 0.138
32764 0.71681696399378 0.683530657278239 0.685794444540574 0.54294117647059 -0.300375029641237 1000 850 0.425
72856 0.330676410524089 0.271318007992772 1.18345189263879 0.92543137254901 1.05822394323184 1000 153 0.0765
75088 0.497849448325526 0.456954439889016 1.17207319986581 0.973333333333303 -0.733885834301765 1000 60 0.03
24549 0.0106785949455488 0.00387435645939152 1.10065013442289 0.86001709401709 -2.67844649995081 1000 234 0.117
121558 0.364291918811035 0.322237902731158 1.07760194270388 0.905159420289871 -0.941760533344491 1000 276 0.138
110113 0.783900167863892 0.767904134318993 1.17227558732426 1.01228205128206 0.296924276673542 1000 39 0.0195
63269 0.885404938890978 0.87385533015726 1.10351052492891 0.909348623853228 0.15139636332091 1000 109 0.0545
74818 0.90997540634987 0.904743754490691 1.18076825153847 1.05409090909092 -0.122864959784719 1000 55 0.0275
62970 0.268442983161267 0.227258642801588 0.990629978014558 0.832141993957705 -1.10145841741145 1000 331 0.1655
37852 0.270069634229461 0.224431709508786 1.16877830322677 0.963333333333338 -1.19234813731051 1000 120 0.06
27274 0.556540215925879 0.536462304530996 1.12235462386713 1.01542857142855 -0.622921983233974 1000 56 0.028
