CHR SNPID POS A1 A2 p.value p.value.NA Is.converge var1 var2 N AC AF
6 rs38002 38002 2 1 0.817534832988963 0.817534832988963 TRUE 0.0463597641517719 0.0463360662516399 1000 1 5e-04
17 rs110995 110995 2 1 0.745157980411502 0.745157980411502 TRUE 0.0816541494263302 0.0817210282914797 1000 1 5e-04
16 rs104789 104789 2 1 0.21728388377607 0.21728388377607 TRUE 0.221972393941946 0.222681061229096 1000 1 5e-04
20 rs131154 131154 2 1 0.814860895827637 0.814860895827637 TRUE 0.0475704353410511 0.0476027471278201 1000 1 5e-04
9 rs61864 61864 2 1 0.829191193580198 0.829191193580198 TRUE 0.0411878796841234 0.0411765370207747 1000 1 5e-04
3 rs19487 19487 2 1 0.813389931790427 0.813389931790427 TRUE 0.0481813128410937 0.0482449092445504 1000 1 5e-04
4 rs23589 23589 2 1 0.827018652031812 0.827018652031812 TRUE 0.0420754678937844 0.0421161538939281 1000 1 5e-04
21 rs142696 142696 2 1 0.687593588563076 0.687593588563076 TRUE 0.110976047345711 0.111174603319116 1000 1 5e-04
9 rs61091 61091 2 1 0.459601977351979 0.459601977351979 TRUE 0.205009695077807 0.205620005954958 1000 1 5e-04
22 rs146187 146187 2 1 0.848380704148628 0.848380704148628 TRUE 0.0331475630247079 0.0330957450778926 1000 1 5e-04
12 rs77283 77283 2 1 0.818192722364405 0.818192722364405 TRUE 0.0460543058583973 0.045938206989916 1000 1 5e-04
1 rs4512 4512 2 1 0.792096179878192 0.792096179878192 TRUE 0.0582274063677811 0.0582653164732332 1000 1 5e-04
19 rs126189 126189 2 1 0.621306322800087 0.621306322800087 TRUE 0.144199070085887 0.1444686303981 1000 1 5e-04
18 rs118981 118981 2 1 0.790702945899998 0.790702945899998 TRUE 0.0588782642313388 0.0590108908328095 1000 1 5e-04
19 rs124830 124830 2 1 0.916267854606419 0.916267854606419 TRUE 0.0107052956316353 0.0107102765978311 1000 1 5e-04
21 rs141309 141309 2 1 0.837855278456216 0.837855278456216 TRUE 0.037472268605229 0.0376155592484686 1000 1 5e-04
18 rs120397 120397 2 1 0.850570871741024 0.850570871741024 TRUE 0.0322753129437405 0.0323539678467886 1000 1 5e-04
1 rs1580 1580 2 1 0.71576206025166 0.71576206025166 TRUE 0.0965989061033847 0.0968438009785364 1000 1 5e-04
2 rs10584 10584 2 1 0.886824629997968 0.886824629997968 TRUE 0.0191391318654643 0.0190825267430464 1000 1 5e-04
16 rs105455 105455 2 1 0.694299680057598 0.694299680057598 TRUE 0.108146582267585 0.108148757773246 1000 1 5e-04
21 rs142651 142651 2 1 0.838920777254428 0.838920777254428 TRUE 0.0370354994764417 0.0369053480390554 1000 1 5e-04
8 rs53702 53702 2 1 0.71770030775245 0.71770030775245 TRUE 0.0956127711625161 0.095701590829351 1000 1 5e-04
19 rs127951 127951 2 1 0.700055943300496 0.700055943300496 TRUE 0.105017126763085 0.105006786767372 1000 1 5e-04
17 rs112349 112349 2 1 0.873196871151942 0.873196871151942 TRUE 0.023758281946441 0.0237657163192114 1000 1 5e-04
11 rs73045 73045 2 1 0.933492199450061 0.933492199450061 TRUE 0.00681776598243677 0.00682508219074086 1000 1 5e-04
17 rs109124 109124 2 1 0.773381170328606 0.773381170328606 TRUE 0.0673618692329158 0.0675225862961264 1000 1 5e-04
14 rs91971 91971 2 1 0.359766439531622 0.359766439531622 TRUE 0.21593212025629 0.21687088381873 1000 1 5e-04
8 rs51005 51005 2 1 0.828115432733452 0.828115432733452 TRUE 0.0416762667309686 0.0418083710503418 1000 1 5e-04
8 rs54996 54996 2 1 0.499051062043077 0.499051062043077 TRUE 0.19319859360216 0.193815259441358 1000 1 5e-04
3 rs15980 15980 2 1 0.498914661085645 0.498914661085645 TRUE 0.193174073197949 0.193815258021098 1000 1 5e-04
11 rs71892 71892 2 1 0.709521190874911 0.709521190874911 TRUE 0.0537331048465853 0.0538360647246646 1000 2 0.001
4 rs23196 23196 2 1 0.607716480722278 0.607716480722278 TRUE 0.0929190511140723 0.0931304197551515 1000 2 0.001
12 rs80473 80473 2 1 0.298566780515503 0.298566780515503 TRUE 0.133176000842468 0.133524404971978 1000 2 0.001
17 rs113089 113089 2 1 0.690641249444297 0.690641249444297 TRUE 0.0633340544718129 0.0634861947308309 1000 2 0.001
9 rs57237 57237 2 1 0.44605898226336 0.44605898226336 TRUE 0.124165526892228 0.124537078122523 1000 2 0.001
13 rs86191 86191 2 1 0.738670421725713 0.738670421725713 TRUE 0.0459835731994216 0.0460027228553451 1000 2 0.001
22 rs146500 146500 2 1 0.647797321147384 0.647797321147384 TRUE 0.0761555293708826 0.0763430532638317 1000 2 0.001
21 rs136634 136634 2 1 0.830837561214079 0.830837561214079 TRUE 0.0211699045787212 0.0211597547126851 1000 2 0.001
6 rs39582 39582 2 1 0.669183700154941 0.669183700154941 TRUE 0.071051250208135 0.0710392153400376 1000 2 0.001
8 rs49168 49168 2 1 0.628938244053876 0.628938244053876 TRUE 0.0852566567888957 0.0851916050224092 1000 2 0.001
3 rs15171 15171 2 1 0.553279197410157 0.553279197410157 TRUE 0.104951743886881 0.105139437914979 1000 2 0.001
1 rs441 441 2 1 0.618186037316494 0.618186037316494 TRUE 0.089637507097552 0.0896700523686623 1000 2 0.001
22 rs149983 149983 2 1 0.364344352906144 0.364344352906144 TRUE 0.166492794156784 0.166832775314914 1000 2 0.001
7 rs42742 42742 2 1 0.728188446100546 0.728188446100546 TRUE 0.0488691480360417 0.0489495293560306 1000 2 0.001
12 rs81298 81298 2 1 0.530582369328912 0.530582369328912 TRUE 0.121239806056397 0.121397055450033 1000 2 0.001
16 rs102524 102524 2 1 0.244906106810157 0.244906106810157 TRUE 0.138622841160933 0.138918718337416 1000 2 0.001
19 rs127839 127839 2 1 0.626491255538296 0.626491255538296 TRUE 0.0842193225034701 0.0842778689744028 1000 2 0.001
7 rs47433 47433 2 1 0.59061235018446 0.59061235018446 TRUE 0.0989023706019684 0.0987839222183146 1000 2 0.001
1 rs3912 3912 2 1 0.653930954936257 0.653930954936257 TRUE 0.0776666081853514 0.0777137921470421 1000 2 0.001
10 rs64192 64192 2 1 0.561549680256714 0.561549680256714 TRUE 0.110310913947178 0.110481737564492 1000 2 0.001
22 rs149240 149240 2 1 0.562117540883174 0.562117540883174 TRUE 0.110140890592748 0.11048176797824 1000 2 0.001
6 rs39595 39595 2 1 0.0411217901878735 0.0160038316208148 TRUE 0.0631901633349385 0.0631065645431739 1000 2 0.001
20 rs132270 132270 2 1 0.761305535327907 0.761305535327907 TRUE 0.0400219359680744 0.0401110954359463 1000 2 0.001
22 rs146987 146987 2 1 0.661819096548573 0.661819096548573 TRUE 0.0738799923456979 0.0739251710927952 1000 2 0.001
19 rs128471 128471 2 1 0.767419375691709 0.767419375691709 TRUE 0.0383207006616919 0.0383988681125893 1000 2 0.001
4 rs23830 23830 2 1 0.678955523215723 0.678955523215723 TRUE 0.0676082491637977 0.0675959533512062 1000 2 0.001
22 rs147425 147425 2 1 0.745670404887375 0.745670404887375 TRUE 0.0432088681643684 0.0432527729952951 1000 2 0.001
11 rs69986 69986 2 1 0.72508647442969 0.72508647442969 TRUE 0.0494295097609843 0.0494745453788731 1000 2 0.001
10 rs66337 66337 2 1 0.709673574999602 0.709673574999602 TRUE 0.0568951896001855 0.0569922957536838 1000 2 0.001
1 rs5176 5176 2 1 0.586221658353523 0.586221658353523 TRUE 0.10308612308824 0.103313039353128 1000 2 0.001
5 rs34089 34089 2 1 0.646131183636055 0.646131183636055 TRUE 0.0554221588480638 0.0555423214766429 1000 3 0.0015
21 rs137367 137367 2 1 0.633821580718613 0.633821580718613 TRUE 0.0596802992510803 0.0597848529473656 1000 3 0.0015
17 rs109182 109182 2 1 0.520696549070903 0.520696549070903 TRUE 0.0848544859914015 0.0851107218675466 1000 3 0.0015
9 rs59839 59839 2 1 0.468719866573078 0.468719866573078 TRUE 0.100690182825134 0.101129133296939 1000 3 0.0015
12 rs82767 82767 2 1 0.0560440104040937 0.0560440104040937 TRUE 0.058267787539547 0.0584325004035475 1000 3 0.0015
1 rs4444 4444 2 1 0.544096529166978 0.544096529166978 TRUE 0.0890488220381702 0.0891213915469748 1000 3 0.0015
18 rs121719 121719 2 1 0.558400277059264 0.558400277059264 TRUE 0.0819596027040878 0.0819749992545616 1000 3 0.0015
22 rs146054 146054 2 1 0.58545588082312 0.58545588082312 TRUE 0.0726557493557906 0.0728454097732798 1000 3 0.0015
18 rs121106 121106 2 1 0.589344558588461 0.589344558588461 TRUE 0.0710642359464824 0.0711533708972079 1000 3 0.0015
20 rs135486 135486 2 1 0.617980409161026 0.617980409161026 TRUE 0.0616410269635909 0.0617241362254461 1000 3 0.0015
17 rs111024 111024 2 1 0.517408866095991 0.517408866095991 TRUE 0.0829748645263807 0.0832201799087557 1000 3 0.0015
2 rs10842 10842 2 1 0.557835388324853 0.557835388324853 TRUE 0.0792426465237961 0.0792592853540878 1000 3 0.0015
12 rs78725 78725 2 1 0.504598763946496 0.504598763946496 TRUE 0.090472838840077 0.0905425437330888 1000 3 0.0015
16 rs105864 105864 2 1 0.559278348404531 0.559278348404531 TRUE 0.0797403719126484 0.0798179936631167 1000 3 0.0015
13 rs83473 83473 2 1 0.68464028835507 0.68464028835507 TRUE 0.0450485685084704 0.0451467136372206 1000 3 0.0015
9 rs63184 63184 2 1 0.522708535369937 0.522708535369937 TRUE 0.0916204391069816 0.0918665618053171 1000 3 0.0015
8 rs51164 51164 2 1 0.126701219667385 0.126701219667385 TRUE 0.0761261777919694 0.076341623573875 1000 3 0.0015
3 rs17055 17055 2 1 0.131073262076378 0.131073262076378 TRUE 0.0741653996455557 0.0742802314187595 1000 3 0.0015
7 rs47762 47762 2 1 0.712421883899004 0.712421883899004 TRUE 0.0388232404147515 0.0388756036733828 1000 3 0.0015
13 rs88641 88641 2 1 0.394508384395075 0.394508384395075 TRUE 0.123983470443795 0.124343208668399 1000 3 0.0015
10 rs64757 64757 2 1 0.499970584400483 0.499970584400483 TRUE 0.0910144170111685 0.0910743578449457 1000 3 0.0015
5 rs28633 28633 2 1 0.132433881967441 0.132433881967441 TRUE 0.0759156025657159 0.0761009016970849 1000 3 0.0015
1 rs6196 6196 2 1 0.716011669600046 0.716011669600046 TRUE 0.0360416351348976 0.0360484963808578 1000 3 0.0015
7 rs47526 47526 2 1 0.332056960995929 0.332056960995929 TRUE 0.107574133347564 0.107855847638645 1000 3 0.0015
3 rs20614 20614 2 1 0.569260247404482 0.569260247404482 TRUE 0.0776218248534143 0.0776437929730272 1000 3 0.0015
7 rs46611 46611 2 1 0.0456009371230069 0.024580689163106 TRUE 0.0465364940681862 0.0466197711412342 1000 3 0.0015
6 rs37769 37769 2 1 0.541493103700561 0.541493103700561 TRUE 0.109804144036961 0.110083140484511 1000 3 0.0015
11 rs71935 71935 2 1 0.551493762520749 0.551493762520749 TRUE 0.0764828642342828 0.0767071308092002 1000 3 0.0015
22 rs144588 144588 2 1 0.0529234609117753 0.0325821944734083 TRUE 0.0505208526453009 0.0505009329673093 1000 3 0.0015
5 rs32607 32607 2 1 0.588680479026441 0.588680479026441 TRUE 0.0673012250851582 0.0672533990207642 1000 3 0.0015
7 rs43462 43462 2 1 0.56694361356699 0.56694361356699 TRUE 0.0628958090704036 0.0629902160504227 1000 4 0.002
5 rs33141 33141 2 1 0.353453674928727 0.353453674928727 TRUE 0.106678386146347 0.106931254914128 1000 4 0.002
8 rs54008 54008 2 1 0.576065979020699 0.576065979020699 TRUE 0.0998307921682127 0.100570647375177 1000 4 0.002
11 rs70801 70801 2 1 0.612618382335328 0.612618382335328 TRUE 0.050592819481492 0.050585201853979 1000 4 0.002
2 rs12794 12794 2 1 0.603084803700866 0.603084803700866 TRUE 0.0516895398238046 0.0518422858045034 1000 4 0.002
15 rs96746 96746 2 1 0.488509658196706 0.488509658196706 TRUE 0.0780910499587264 0.0782356156358721 1000 4 0.002
3 rs15486 15486 2 1 0.45972637700686 0.45972637700686 TRUE 0.0844569535675141 0.0846809080704665 1000 4 0.002
7 rs42992 42992 2 1 0.634407490539492 0.634407490539492 TRUE 0.0465418649226931 0.046610604281133 1000 4 0.002
12 rs80901 80901 2 1 0.567994980629949 0.567994980629949 TRUE 0.0628959660674309 0.0629102946593608 1000 4 0.002
7 rs48698 48698 2 1 0.400907766461437 0.400907766461437 TRUE 0.0934267852817103 0.0937387288005212 1000 4 0.002
19 rs129615 129615 2 1 0.168196790973725 0.168196790973725 TRUE 0.0650558518671323 0.0651325528362468 1000 4 0.002
20 rs131671 131671 2 1 0.559112154623462 0.559112154623462 TRUE 0.0633308455255928 0.0634230327482434 1000 4 0.002
18 rs120657 120657 2 1 0.388116900881526 0.388116900881526 TRUE 0.110965314673297 0.111292596689787 1000 4 0.002
4 rs28011 28011 2 1 0.427706596226311 0.427706596226311 TRUE 0.100069312657551 0.100272089332184 1000 4 0.002
9 rs62765 62765 2 1 0.550429273807619 0.550429273807619 TRUE 0.0682116193948132 0.0682748921495744 1000 4 0.002
1 rs5412 5412 2 1 0.441013067881481 0.441013067881481 TRUE 0.0901510346752062 0.0902646772784739 1000 4 0.002
7 rs46356 46356 2 1 0.541740647860341 0.541740647860341 TRUE 0.0708429520751186 0.0710109915849223 1000 4 0.002
5 rs28918 28918 2 1 0.686067970545945 0.686067970545945 TRUE 0.0349192327265726 0.0349536092405469 1000 4 0.002
9 rs61213 61213 2 1 0.510049881428747 0.510049881428747 TRUE 0.0731171171288208 0.0735195920309721 1000 4 0.002
3 rs15018 15018 2 1 0.66396119106481 0.66396119106481 TRUE 0.0387819154194367 0.0387896767614542 1000 4 0.002
5 rs34287 34287 2 1 0.456888969484641 0.456888969484641 TRUE 0.0875172347464988 0.0876525830734598 1000 4 0.002
4 rs26781 26781 2 1 0.51954848155116 0.51954848155116 TRUE 0.0738530982225961 0.0740250661963146 1000 4 0.002
11 rs72480 72480 2 1 0.634338973242176 0.634338973242176 TRUE 0.0468595680894731 0.0468790765966592 1000 4 0.002
9 rs61843 61843 2 1 0.560631380368629 0.560631380368629 TRUE 0.0623374103692417 0.0624664587049077 1000 4 0.002
7 rs46316 46316 2 1 0.400757307667302 0.400757307667302 TRUE 0.103110961957081 0.103308408227283 1000 4 0.002
21 rs142883 142883 2 1 0.448755566812047 0.448755566812047 TRUE 0.0948481230465587 0.0949278506335428 1000 4 0.002
6 rs40008 40008 2 1 0.601668424225626 0.601668424225626 TRUE 0.0549307338901702 0.0549879867202252 1000 4 0.002
3 rs18101 18101 2 1 0.212744994888825 0.212744994888825 TRUE 0.0701677586565111 0.0704185291792718 1000 4 0.002
14 rs91314 91314 2 1 0.628392338059971 0.628392338059971 TRUE 0.104321667137494 0.104572493030983 1000 4 0.002
3 rs20174 20174 2 1 0.42889801747463 0.42889801747463 TRUE 0.0930317377858019 0.0931925612247534 1000 4 0.002
2 rs13666 13666 2 1 0.527607656201964 0.527607656201964 TRUE 0.0592742676030122 0.0593023258289834 1000 5 0.0025
18 rs121609 121609 2 1 0.464459645220493 0.464459645220493 TRUE 0.072719469796453 0.073329766109289 1000 5 0.0025
1 rs2365 2365 2 1 0.577226577560961 0.577226577560961 TRUE 0.0486358840419407 0.0486904856889846 1000 5 0.0025
9 rs61470 61470 2 1 0.589494127566062 0.589494127566062 TRUE 0.0436423426427005 0.0437252115564978 1000 5 0.0025
8 rs49190 49190 2 1 0.383126597712094 0.383126597712094 TRUE 0.0846144372983417 0.0848550931885854 1000 5 0.0025
20 rs131463 131463 2 1 0.233420451428199 0.233420451428199 TRUE 0.0583982154827137 0.058628068887129 1000 5 0.0025
9 rs56277 56277 2 1 0.29948488683522 0.29948488683522 TRUE 0.0882639949704738 0.0884689939271095 1000 5 0.0025
16 rs106939 106939 2 1 0.525540060656359 0.525540060656359 TRUE 0.0619505959878604 0.0620688281722793 1000 5 0.0025
13 rs87867 87867 2 1 0.426338928717406 0.426338928717406 TRUE 0.0827331287874756 0.0828661933896709 1000 5 0.0025
11 rs70530 70530 2 1 0.174217072102843 0.174217072102843 TRUE 0.124321929184847 0.124889586004534 1000 5 0.0025
1 rs5087 5087 2 1 0.472043780223957 0.472043780223957 TRUE 0.075234786168053 0.0752818407270819 1000 5 0.0025
7 rs43781 43781 2 1 0.46262890836038 0.46262890836038 TRUE 0.0867470863801925 0.0869566244145502 1000 5 0.0025
20 rs132955 132955 2 1 0.55442108275898 0.55442108275898 TRUE 0.0519222570748514 0.0521352821487025 1000 5 0.0025
5 rs32874 32874 2 1 0.34165525202491 0.34165525202491 TRUE 0.0719519775334896 0.0722136666223833 1000 5 0.0025
11 rs71689 71689 2 1 0.577264140094758 0.577264140094758 TRUE 0.0448480894796352 0.044999130634702 1000 5 0.0025
5 rs29709 29709 2 1 0.794847870869777 0.794847870869777 TRUE 0.095112637036184 0.0952456942470988 1000 5 0.0025
21 rs140541 140541 2 1 0.424636571715089 0.424636571715089 TRUE 0.0730519046105807 0.073182293671893 1000 5 0.0025
17 rs112559 112559 2 1 0.497388464376733 0.497388464376733 TRUE 0.0697807229714746 0.069859153982517 1000 5 0.0025
7 rs47604 47604 2 1 0.278098502573215 0.278098502573215 TRUE 0.0642217547470989 0.0643518100988151 1000 5 0.0025
18 rs120903 120903 2 1 0.375584321751001 0.375584321751001 TRUE 0.0992400442022036 0.0995704189804797 1000 5 0.0025
19 rs124441 124441 2 1 0.479676397295734 0.479676397295734 TRUE 0.0697200089489418 0.0699333208154223 1000 5 0.0025
5 rs33422 33422 2 1 0.510867635825843 0.510867635825843 TRUE 0.0635591549209108 0.0636433463956346 1000 5 0.0025
1 rs1767 1767 2 1 0.483908520709332 0.483908520709332 TRUE 0.0843660195414114 0.0846086891303671 1000 5 0.0025
21 rs141969 141969 2 1 0.0933435111298727 0.0933435111298727 TRUE 0.103421379388952 0.103804082731143 1000 5 0.0025
17 rs112603 112603 2 1 0.447037684152448 0.447037684152448 TRUE 0.0781627261791188 0.0782503949626501 1000 5 0.0025
3 rs17031 17031 2 1 0.23176267063715 0.23176267063715 TRUE 0.0600761462501909 0.0602075675888772 1000 5 0.0025
16 rs106402 106402 2 1 0.00885043669713041 0.00574016281145104 TRUE 0.116040065861566 0.11682450291565 1000 5 0.0025
15 rs98654 98654 2 1 0.0214961007997517 0.0135900443054309 TRUE 0.0756009199336959 0.0757288649934404 1000 5 0.0025
1 rs4165 4165 2 1 0.630662276151468 0.630662276151468 TRUE 0.0390038445119477 0.0390378164151162 1000 5 0.0025
16 rs103082 103082 2 1 0.131458162759859 0.131458162759859 TRUE 0.10690171880717 0.107510524383773 1000 5 0.0025
10 rs63987 63987 2 1 0.59133532506064 0.59133532506064 TRUE 0.039202600921667 0.0391857423362841 1000 6 0.003
15 rs97886 97886 2 1 0.305467955893041 0.305467955893041 TRUE 0.0899317868380761 0.0901859363730513 1000 7 0.0035
3 rs19715 19715 2 1 0.631253544387149 0.631253544387149 TRUE 0.065758655511564 0.0659002679635113 1000 8 0.004
17 rs112077 112077 2 1 0.275810815141418 0.275810815141418 TRUE 0.0969791024574138 0.0972331114847707 1000 6 0.003
22 rs149803 149803 2 1 0.0341344253521337 0.02608630304759 TRUE 0.0637173787543879 0.0637168506938888 1000 7 0.0035
22 rs145922 145922 2 1 0.74348604929461 0.74348604929461 TRUE 0.0803704302592953 0.0806536731491861 1000 7 0.0035
22 rs147607 147607 2 1 0.925369020407097 0.925369020407097 TRUE 0.0921343873571814 0.0924087099615412 1000 7 0.0035
14 rs91457 91457 2 1 0.449010544558785 0.449010544558785 TRUE 0.0455388007520474 0.0456544353096951 1000 10 0.005
16 rs106860 106860 2 1 0.97416886350231 0.97416886350231 TRUE 0.0790645417474025 0.0795994193341643 1000 10 0.005
10 rs69144 69144 2 1 0.503644019693898 0.503644019693898 TRUE 0.0559912204599655 0.0560591384534471 1000 6 0.003
5 rs35236 35236 2 1 0.345507038421938 0.345507038421938 TRUE 0.0948867189217952 0.0950705722595151 1000 6 0.003
1 rs2497 2497 2 1 0.004955598566783 0.000948615757222561 TRUE 0.0641800998107118 0.0643335219391806 1000 8 0.004
12 rs76564 76564 2 1 0.205354120857759 0.205354120857759 TRUE 0.0807628665080957 0.0808629923148009 1000 9 0.0045
14 rs95385 95385 2 1 0.207693139026562 0.207693139026562 TRUE 0.103796436578537 0.104100286305432 1000 7 0.0035
10 rs68510 68510 2 1 0.949780747675839 0.949780747675839 TRUE 0.10008363762815 0.100403293942122 1000 7 0.0035
11 rs74900 74900 2 1 0.0353237403048436 0.0425580636518287 TRUE 0.0834304102164707 0.0836135389770861 1000 10 0.005
13 rs84551 84551 2 1 0.952103880527823 0.952103880527823 TRUE 0.0983984646393913 0.0989009463971884 1000 7 0.0035
19 rs126501 126501 2 1 0.642792077223047 0.642792077223047 TRUE 0.0731018520089709 0.0734061595011981 1000 7 0.0035
7 rs42730 42730 2 1 0.899956499388887 0.899956499388887 TRUE 0.0649902959385658 0.0650944175597676 1000 10 0.005
18 rs115961 115961 2 1 0.924497369250889 0.924497369250889 TRUE 0.0884289492254434 0.088801242259967 1000 9 0.0045
13 rs86291 86291 2 1 0.573742243488587 0.573742243488587 TRUE 0.0542581205754126 0.0544808327460188 1000 9 0.0045
7 rs42970 42970 2 1 0.927450458869951 0.927450458869951 TRUE 0.0965938143004418 0.0968830694997235 1000 7 0.0035
9 rs61054 61054 2 1 0.84109089909492 0.84109089909492 TRUE 0.113652387529152 0.113973125912755 1000 7 0.0035
16 rs104468 104468 2 1 0.281807780855412 0.281807780855412 TRUE 0.080567873755509 0.0807845369407197 1000 8 0.004
13 rs84739 84739 2 1 0.430343832297424 0.430343832297424 TRUE 0.0685627350928569 0.0686998838803862 1000 6 0.003
13 rs88860 88860 2 1 0.477532783635493 0.477532783635493 TRUE 0.0499390170516126 0.0500304226364902 1000 8 0.004
9 rs55687 55687 2 1 0.403605849626606 0.403605849626606 TRUE 0.0593917170311289 0.0594516160326352 1000 9 0.0045
2 rs10595 10595 2 1 0.212411877015174 0.212411877015174 TRUE 0.10165572958502 0.102035182157085 1000 7 0.0035
19 rs124744 124744 2 1 0.422013788286932 0.422013788286932 TRUE 0.054210173549165 0.0542758962648357 1000 9 0.0045
13 rs85238 85238 2 1 0.363399589186394 0.363399589186394 TRUE 0.0821108074031317 0.0822050037158649 1000 7 0.0035
3 rs15653 15653 2 1 0.261114966711053 0.261114966711053 TRUE 0.0949182507121397 0.0952544276893206 1000 19 0.0095
6 rs41974 41974 2 1 0.20181743756006 0.20181743756006 TRUE 0.0782122900564726 0.0782507016454425 1000 14 0.007
18 rs117785 117785 2 1 0.601023123416567 0.601023123416567 TRUE 0.0760024014919106 0.0763621612081054 1000 14 0.007
12 rs81692 81692 2 1 0.118187288890937 0.118187288890937 TRUE 0.0880793466947344 0.0883780286271066 1000 14 0.007
9 rs56837 56837 2 1 0.884068826430364 0.884068826430364 TRUE 0.0778126310607312 0.0783835886214455 1000 18 0.009
2 rs9984 9984 2 1 0.157010709594456 0.157010709594456 TRUE 0.0906195039786706 0.0908521247831948 1000 12 0.006
14 rs92729 92729 2 1 0.695713880682654 0.695713880682654 TRUE 0.0967014557287973 0.0969177165983581 1000 11 0.0055
15 rs101011 101011 2 1 0.722486060849407 0.722486060849407 TRUE 0.0950898118046655 0.0954837509787244 1000 19 0.0095
7 rs44515 44515 2 1 0.743243368539618 0.743243368539618 TRUE 0.0864971274739005 0.0867641542782881 1000 11 0.0055
15 rs101669 101669 2 1 0.632580863376099 0.632580863376099 TRUE 0.0677988316381797 0.0680188491727386 1000 17 0.0085
22 rs145181 145181 2 1 0.436871396407278 0.436871396407278 TRUE 0.0759770180290331 0.0761287941297044 1000 19 0.0095
1 rs4153 4153 2 1 0.744531148689383 0.744531148689383 TRUE 0.0895919953598697 0.089813890064727 1000 19 0.0095
1 rs5252 5252 2 1 0.163139048906305 0.163139048906305 TRUE 0.0916921107627821 0.091982671151311 1000 13 0.0065
4 rs22814 22814 2 1 0.764174620309631 0.764174620309631 TRUE 0.0933028553701024 0.0935720531406169 1000 11 0.0055
9 rs58028 58028 2 1 0.788213636007278 0.788213636007278 TRUE 0.0805447283160722 0.0806417896098584 1000 12 0.006
3 rs18404 18404 2 1 0.842167777914154 0.842167777914154 TRUE 0.084493534753998 0.0846920889615943 1000 20 0.01
19 rs126350 126350 2 1 0.724606132837017 0.724606132837017 TRUE 0.0932758741005299 0.0934434628768195 1000 19 0.0095
5 rs32865 32865 2 1 0.552828755660661 0.552828755660661 TRUE 0.109125333177376 0.10939218199933 1000 14 0.007
13 rs87856 87856 2 1 0.503699488676733 0.503699488676733 TRUE 0.0703048025199374 0.0705828077314902 1000 19 0.0095
4 rs27779 27779 2 1 0.662486103510236 0.662486103510236 TRUE 0.0752411872623795 0.0754815157972768 1000 15 0.0075
8 rs49312 49312 2 1 0.0582647446595814 0.0582647446595814 TRUE 0.0740152399880779 0.0743573795034858 1000 12 0.006
8 rs48837 48837 2 1 0.956512175854782 0.956512175854782 TRUE 0.0733322467015638 0.0735276372766956 1000 20 0.01
8 rs52409 52409 2 1 0.839949144066123 0.839949144066123 TRUE 0.0814015405579469 0.0816547849508343 1000 20 0.01
8 rs54503 54503 2 1 0.830167695673665 0.830167695673665 TRUE 0.0979440243617091 0.0982516650744385 1000 12 0.006
1 rs5343 5343 2 1 0.108569323131832 0.108569323131832 TRUE 0.0928264592938756 0.092975337947991 1000 17 0.0085
22 rs143224 143224 2 1 0.918163093956103 0.918163093956103 TRUE 0.0815002629320379 0.0817041411571252 1000 19 0.0095
6 rs39066 39066 2 1 0.642179166256709 0.642179166256709 TRUE 0.0672403481916152 0.0673680103671278 1000 17 0.0085
5 rs33626 33626 2 1 0.329508543479168 0.329508543479168 TRUE 0.0804217491398424 0.0806568617749399 1000 16 0.008
21 rs138398 138398 2 1 0.67836747139508 0.67836747139508 TRUE 0.0903660496985056 0.0906465429312787 1000 13 0.0065
2 rs8726 8726 2 1 0.704774421095257 0.704774421095257 TRUE 0.0689258397846147 0.069359124200682 1000 17 0.0085
5 rs33613 33613 2 1 0.136032866846582 0.136032866846582 TRUE 0.0399531173217688 0.0400788407498997 1000 969 0.4845
20 rs135245 135245 2 1 0.700204128332014 0.700204128332014 TRUE 0.0710214101581764 0.0712554691745054 1000 46 0.023
11 rs70065 70065 2 1 0.209369948029823 0.209369948029823 TRUE 0.044743980788068 0.0448263207146314 1000 837 0.4185
6 rs40982 40982 2 1 0.411478356766941 0.411478356766941 TRUE 0.0654930699766437 0.0656294416506369 1000 80 0.04
21 rs137460 137460 2 1 0.742952113295057 0.742952113295057 TRUE 0.0470860407663932 0.0472207774895489 1000 835 0.4175
5 rs31348 31348 2 1 0.894416553410441 0.894416553410441 TRUE 0.0664403696853587 0.0667074557135589 1000 155 0.0775
15 rs97225 97225 2 1 0.0342972104627286 0.0440828773711428 TRUE 0.0676826257722299 0.0678063733023944 1000 27 0.0135
5 rs35168 35168 2 1 0.401557927605406 0.401557927605406 TRUE 0.0686178832749279 0.0688981282755144 1000 291 0.1455
8 rs50350 50350 2 1 0.488484368384212 0.488484368384212 TRUE 0.0830706356422355 0.0833122805048817 1000 30 0.015
2 rs11015 11015 2 1 0.777181487543481 0.777181487543481 TRUE 0.074846462046739 0.0750480701852021 1000 89 0.0445
22 rs143229 143229 2 1 0.845756010871439 0.845756010871439 TRUE 0.0870619232234337 0.0872112133514642 1000 65 0.0325
1 rs5912 5912 2 1 0.872932140192804 0.872932140192804 TRUE 0.0667862965609282 0.0669518449077461 1000 62 0.031
12 rs80986 80986 2 1 0.0698180346985609 0.0698180346985609 TRUE 0.0684097416030137 0.0685635580199804 1000 79 0.0395
4 rs28351 28351 2 1 0.433742520823685 0.433742520823685 TRUE 0.0819243579241012 0.0821360118454222 1000 72 0.036
15 rs101849 101849 2 1 0.817254079744767 0.817254079744767 TRUE 0.0790162751692878 0.0792310361905891 1000 95 0.0475
12 rs80205 80205 2 1 0.574264459777697 0.574264459777697 TRUE 0.0730059859110281 0.0732387657922787 1000 208 0.104
15 rs97946 97946 2 1 0.131166317546513 0.131166317546513 TRUE 0.0545586836390015 0.0547330917611838 1000 571 0.2855
12 rs81031 81031 2 1 0.596976788760914 0.596976788760914 TRUE 0.0751120885297674 0.0753406095988224 1000 113 0.0565
6 rs39591 39591 2 1 0.709714560731799 0.709714560731799 TRUE 0.0796998727192234 0.0799228630088897 1000 52 0.026
5 rs35139 35139 2 1 0.12722131905063 0.12722131905063 TRUE 0.0713141199331702 0.0715760492625279 1000 101 0.0505
17 rs114747 114747 2 1 0.45681644780252 0.45681644780252 TRUE 0.0673634350775746 0.0675211992872031 1000 23 0.0115
12 rs80008 80008 2 1 0.77363343384231 0.77363343384231 TRUE 0.0773446206992339 0.0775959965768924 1000 51 0.0255
12 rs79446 79446 2 1 0.594115499434278 0.594115499434278 TRUE 0.0748005166093214 0.0750551345220321 1000 24 0.012
11 rs72879 72879 2 1 0.580083067528937 0.580083067528937 TRUE 0.0720744778352996 0.0722498294713679 1000 46 0.023
2 rs11133 11133 2 1 0.300094009449468 0.300094009449468 TRUE 0.0655860536320675 0.065728362661229 1000 228 0.114
19 rs128233 128233 2 1 0.606269604454407 0.606269604454407 TRUE 0.0816022847490366 0.0818502639297297 1000 28 0.014
8 rs52558 52558 2 1 0.774082258782609 0.774082258782609 TRUE 0.0746314564626762 0.0748194352394428 1000 55 0.0275
16 rs103318 103318 2 1 0.193011748071346 0.193011748071346 TRUE 0.0619840664036948 0.0621769830749438 1000 336 0.168
3 rs21559 21559 2 1 0.983599214047941 0.983599214047941 TRUE 0.0791556117766838 0.0793256801241611 1000 76 0.038
17 rs109424 109424 2 1 0.708832271959225 0.708832271959225 TRUE 0.0482412645880876 0.0484104811901471 1000 720 0.36
