CHR SNPID POS A1 A2 p.value p.value.NA Is.converge var1 var2 N AC AF
1 rs40225 40225 2 1 0.72147227082428 0.72147227082428 TRUE 0.0488358946016965 0.0519521219024355 1000 690 0.345
1 rs11165 11165 2 1 0.517136504262046 0.517136504262046 TRUE 0.0757282515889362 0.0801453046387181 1000 141 0.0705
1 rs116370 116370 2 1 0.639188945616293 0.639188945616293 TRUE 0.0541254856977137 0.0572226886929489 1000 570 0.285
1 rs72363 72363 2 1 0.0125441462474782 0.0128570533733266 TRUE 0.08466601680288 0.0907939776930472 1000 82 0.041
1 rs8743 8743 2 1 0.212564765441417 0.212564765441417 TRUE 0.0675008697096653 0.071699854398003 1000 331 0.1655
1 rs118567 118567 2 1 0.925466761966512 0.925466761966512 TRUE 0.0749770304033884 0.0796902330924403 1000 61 0.0305
1 rs75428 75428 2 1 0.098489174787025 0.098489174787025 TRUE 0.08041800656589 0.085394494123996 1000 35 0.0175
1 rs105976 105976 2 1 0.0850250169879142 0.0850250169879142 TRUE 0.0759030961203759 0.080263058240804 1000 54 0.027
1 rs100422 100422 2 1 0.481972018241806 0.481972018241806 TRUE 0.0404459752666404 0.0430473473041113 1000 973 0.4865
1 rs75818 75818 2 1 0.439488947060036 0.439488947060036 TRUE 0.0786643396003911 0.0841124249477434 1000 146 0.073
1 rs10317 10317 2 1 0.0297632210813918 0.0305272368251354 TRUE 0.0678485733189832 0.0715568213531478 1000 103 0.0515
1 rs87896 87896 2 1 0.59959254511884 0.59959254511884 TRUE 0.043536810384549 0.046239393075456 1000 872 0.436
1 rs88813 88813 2 1 0.804083766545239 0.804083766545239 TRUE 0.0716754583167971 0.075567967119714 1000 35 0.0175
1 rs73103 73103 2 1 0.756302030185253 0.756302030185253 TRUE 0.0800407023022128 0.0860894759611562 1000 65 0.0325
1 rs60270 60270 2 1 0.406170014713717 0.406170014713717 TRUE 0.0679360388961464 0.0721671864360715 1000 252 0.126
1 rs138444 138444 2 1 0.102315634888878 0.102315634888878 TRUE 0.06931599855221 0.0730072219535738 1000 65 0.0325
1 rs2551 2551 2 1 0.495687659530409 0.495687659530409 TRUE 0.0410055751086531 0.0435654188604997 1000 903 0.4515
1 rs132330 132330 2 1 0.828943319743024 0.828943319743024 TRUE 0.0589290359950688 0.0614155955268315 1000 47 0.0235
1 rs47870 47870 2 1 0.307832686117092 0.307832686117092 TRUE 0.0596550142757434 0.0635071057411802 1000 513 0.2565
1 rs89030 89030 2 1 0.650719708613401 0.650719708613401 TRUE 0.0429646096350249 0.0454582192458758 1000 891 0.4455
1 rs22047 22047 2 1 0.74612713525637 0.74612713525637 TRUE 0.0798856159445275 0.08518121733153 1000 90 0.045
1 rs31189 31189 2 1 0.126274581987066 0.126274581987066 TRUE 0.0692830845168592 0.0730456514323578 1000 40 0.02
1 rs71220 71220 2 1 0.468291635707412 0.468291635707412 TRUE 0.0656301816497221 0.0699819753093055 1000 25 0.0125
1 rs103634 103634 2 1 0.131746547706368 0.131746547706368 TRUE 0.0684731965987529 0.0727284396088656 1000 158 0.079
1 rs94174 94174 2 1 0.342995295547979 0.342995295547979 TRUE 0.0685585755882356 0.0729499913961757 1000 65 0.0325
1 rs48593 48593 2 1 0.0645207640744633 0.0645207640744633 TRUE 0.0762287384224407 0.0810212810096291 1000 89 0.0445
1 rs105860 105860 2 1 0.957260455174724 0.957260455174724 TRUE 0.0379295288424223 0.0400926218027031 1000 967 0.4835
1 rs72457 72457 2 1 0.930887011532155 0.930887011532155 TRUE 0.0711948444506684 0.0753919106916046 1000 87 0.0435
1 rs45061 45061 2 1 0.315840177276195 0.315840177276195 TRUE 0.108623087714944 0.118033938043719 1000 30 0.015
1 rs26293 26293 2 1 0.0921286578536536 0.0921286578536536 TRUE 0.0747194709455163 0.0792958982104183 1000 107 0.0535
