markerIndex p.value p.value.NA var1 var2 Tv1 N AC AF
117172 0.0486055238133284 0.0495559361963057 1.85251239751525 1.86812646945106 -2.68407933676151 1000 1 5e-04
74088 0.366871790167446 0.365628916877955 1.89735228605968 1.88753775877659 -1.24293457564041 1000 1 5e-04
11533 0.636674063515822 0.636084226941227 1.86893530102555 1.86241085442535 -0.645750601877157 1000 1 5e-04
107917 0.242616960524106 0.238903479694541 1.87660562400003 1.84720768033389 -1.60067928620772 1000 1 5e-04
48476 0.461132007240593 0.458514837641408 1.90265253774576 1.88058979523083 -1.01657136367012 1000 1 5e-04
27338 0.516810567094306 0.51264560512527 1.90363375310258 1.8662873744182 0.894432108076827 1000 1 5e-04
22813 0.39176522801192 0.395783535469404 1.88364654267433 1.9159245995844 -1.17540291147671 1000 1 5e-04
60379 0.504373558205707 0.498497794703918 1.89139604727968 1.84015708994824 -0.918170332884242 1000 1 5e-04
31632 0.96559303957237 0.965751931130748 1.87262503964011 1.890051982805 -0.059029122403539 1000 1 5e-04
3119 0.447984402101914 0.456101765445378 1.92375512296234 1.99407187472095 -1.05242352969202 1000 1 5e-04
82046 0.82628592110845 0.826170038167206 1.86840952356865 1.86587885005518 0.299989589527265 1000 1 5e-04
104145 0.994482474812597 0.994413979209346 1.88620877855165 1.84023438817798 0.0094973535439241 1000 1 5e-04
50789 0.486259031418757 0.491881452594078 1.88600990914026 1.93545701483939 -0.956203636989191 1000 1 5e-04
103844 0.765536489677672 0.766089881441658 1.85802904799113 1.86709663343449 -0.406500108169269 1000 1 5e-04
38056 0.146112223311799 0.154613647114557 1.87923311941406 1.95922475676814 -1.9923976765297 1000 1 5e-04
112900 0.84474047912562 0.844081575702994 1.88043704964144 1.86437305277932 -0.268544592751775 1000 1 5e-04
95084 0.644980628254113 0.650696420807783 1.88630863660075 1.95314004004721 0.632802576784379 1000 1 5e-04
100211 0.564735499414259 0.560758517375518 1.90203322726867 1.86369035150083 -0.79414042854001 1000 1 5e-04
107947 0.909652204560286 0.908979677410982 1.88781248568236 1.8598987561726 -0.155915108073353 1000 1 5e-04
30681 0.296623350994018 0.304141045240253 1.88312001893482 1.94262130189943 1.43223886930075 1000 1 5e-04
128304 0.0979801419944096 0.0965344441475619 1.88143434779378 1.8652435921322 2.26971097927921 1000 1 5e-04
55862 0.243141765106331 0.245813126905684 1.88115860362618 1.90258518790486 -1.60083578719846 1000 1 5e-04
9364 0.870921414027185 0.870954265429612 1.89782042628552 1.89879536237207 0.223846034811755 1000 1 5e-04
52229 0.518151403426508 0.516952593858666 1.88219676040985 1.87145166977278 0.88653899141544 1000 1 5e-04
56818 0.644344251789968 0.647311013021743 1.88373066254928 1.91791431681716 0.633587513077483 1000 1 5e-04
104504 0.417902057069182 0.416659363856514 1.88076979507734 1.87076044623896 -1.11093436083735 1000 1 5e-04
33132 0.625029257964133 0.623635940156459 1.91075945629156 1.895458025804 0.675579604395776 1000 1 5e-04
58950 0.221414391858047 0.216871205248121 1.89457073889488 1.85757982986165 -1.68307025316796 1000 1 5e-04
3268 0.57073818580504 0.567280638921491 1.89734570918852 1.86369035150083 -0.780960792703761 1000 1 5e-04
52637 0.289304889445215 0.288232986781455 1.87907102964563 1.87073524478081 -1.4525567594983 1000 1 5e-04
61240 0.998509633179219 0.998505560008494 1.31584424387857 1.30868121224142 -0.00214267156939043 1000 2 0.001
59599 0.878043293109373 0.877132448973332 1.31498930946407 1.29541177953973 -0.17596587365941 1000 2 0.001
48335 0.96925449837182 0.968542007389584 1.55887088302485 1.48902233871522 0.0481231574018863 1000 2 0.001
3831 0.217513077178596 0.207243386995071 1.57111758693688 1.50209666898512 1.54570497638473 1000 2 0.001
97540 0.640411804743748 0.63815000015797 1.33198593795521 1.31412425489905 -0.539114693491011 1000 2 0.001
58696 0.950339251357553 0.950315072031614 1.57154266924783 1.57001147034338 -0.0780758966337847 1000 2 0.001
46233 0.705382955107409 0.703042210986492 1.32921397560345 1.30731802839716 0.435875965537022 1000 2 0.001
100572 0.791822434877108 0.792688688634525 1.53524255264309 1.54840218086887 -0.327040584750822 1000 2 0.001
82245 0.756467687303817 0.756750998643864 1.32237413576453 1.3255569930065 -0.356624078041259 1000 2 0.001
1457 0.0109294116904146 0.0108982170592925 1.31859098255129 1.31755748999139 2.92236129205111 1000 2 0.001
40217 0.455245600947537 0.459146431431209 1.32840855059263 1.35164206214024 -0.860619308447397 1000 2 0.001
17466 0.447232880018979 0.445807618434164 1.32034450921628 1.31209123980771 -0.873329184877808 1000 2 0.001
45201 0.0164687702721302 0.0161406791807927 1.30815182476521 1.3001586076804 2.7431088844867 1000 2 0.001
51069 0.513543326270612 0.512301154174147 1.88779860646455 1.87670338301849 -0.89765750919926 1000 2 0.001
33227 0.86171707969558 0.861606136541374 1.3205591908765 1.3184212567995 -0.200170091390802 1000 2 0.001
16226 0.462201685255308 0.461064075321212 1.90603278530931 1.89637632585025 1.01504715037986 1000 2 0.001
121124 0.0456088239446359 0.0463323529297117 1.31125672008552 1.32001510628329 -2.28905229048916 1000 2 0.001
67802 0.913245485986167 0.913048314247957 1.32910198416065 1.32305719430123 -0.125599992572245 1000 2 0.001
7828 0.55126748273838 0.550472432542505 1.31343955164696 1.30820714431474 -0.682889865221448 1000 2 0.001
27318 0.600041482041343 0.597317848101128 1.32969176841111 1.31002764797717 -0.604629304722964 1000 2 0.001
12139 0.722636315754768 0.720257842645277 1.33938514569531 1.31572902334155 -0.410775739228902 1000 2 0.001
81259 0.399818292803295 0.395317837804741 1.34571882820308 1.32029635271143 -0.976700249757953 1000 2 0.001
90695 0.537173320818422 0.537832845112468 1.58138258551012 1.58651852515036 -0.776013300758069 1000 2 0.001
95216 0.22519082871268 0.21940959468626 1.55830864120455 1.51982528994467 -1.51401581127606 1000 2 0.001
17753 0.136176434278674 0.133149945706961 1.33078802123144 1.31028522109829 1.71907056185197 1000 2 0.001
106274 0.0280536256611398 0.0242332530311474 1.56416667582753 1.48620516110976 -2.74713355013769 1000 2 0.001
13791 0.308595575886672 0.305830246560366 1.31262349261953 1.29770115516306 -1.16651900121138 1000 2 0.001
74727 0.934589288992357 0.934756566624451 1.33138148483169 1.33823266345002 -0.0946994382889948 1000 2 0.001
67531 0.398763668319839 0.397086712341549 1.31021848254408 1.30093830862284 0.965889631558827 1000 2 0.001
89172 0.66998057561387 0.671077315763718 1.55387076921634 1.56490205300898 -0.531245273112874 1000 2 0.001
101493 0.0517131397014163 0.0515745234798514 0.962589389596371 0.961448300177679 1.9087757457553 1000 3 0.0015
97497 0.383599530631245 0.381944145533829 1.49526896868098 1.48490079684283 1.06541549809006 1000 3 0.0015
110552 0.670514275580667 0.687039187960539 1.29579114898555 1.44501644691898 -0.484292978360069 1000 3 0.0015
125388 0.831917536607388 0.832523716430265 1.66267794770337 1.67491853736624 0.273676336392634 1000 3 0.0015
29354 0.0018812794718407 0.00198234033817163 0.960044902391109 0.969689040906969 -3.04563084152405 1000 3 0.0015
82103 0.6752142312185 0.671849409221725 1.2962502242883 1.2681992165714 -0.477046969751324 1000 3 0.0015
17820 0.384841205555968 0.385467364877509 1.5039961638924 1.5079646431268 -1.06573334566479 1000 3 0.0015
96206 0.0572675495382006 0.0572269351000919 1.50652173017742 1.50603006487888 2.33361892113045 1000 3 0.0015
106009 0.0632831512655502 0.0633971908729638 1.5156466104753 1.5169552607951 -2.28642477593412 1000 3 0.0015
102755 0.548548864134403 0.546706420658541 1.5196383609718 1.50571832196918 0.739562827732201 1000 3 0.0015
97174 0.342465058754983 0.328695211765697 1.28821121142915 1.21684895731008 1.07745641881516 1000 3 0.0015
43211 0.368358138521599 0.371161065023967 0.972958357584516 0.984420771310918 0.887307023549566 1000 3 0.0015
41364 0.962552209172669 0.962455801291924 0.950633637508673 0.945754151761423 -0.0457775205444693 1000 3 0.0015
104357 0.860847863391795 0.861735113481496 0.95589219642049 0.968326372977642 -0.171385436224998 1000 3 0.0015
48586 0.075973798261946 0.0786398741687559 0.972547045380255 0.990220734323204 -1.75001274491516 1000 3 0.0015
66360 0.12250358624209 0.120071083824861 1.29595178478144 1.27912388918106 1.75808606170412 1000 3 0.0015
100792 0.939956417264436 0.939618915331089 1.25912185453497 1.24505881526815 -0.084522229825206 1000 3 0.0015
111503 0.70919036590307 0.707568365794987 1.26797621559547 1.25328043601766 -0.419951172948942 1000 3 0.0015
13039 0.380896511940581 0.381723074518024 0.954444685445739 0.957764085367499 0.856054176075747 1000 3 0.0015
98594 0.738099874905264 0.738772119632715 0.968890556665542 0.974073965208424 -0.329128527415812 1000 3 0.0015
12956 0.444561357100769 0.442820144427494 1.29970167098349 1.28980891940883 0.87157936170514 1000 3 0.0015
51268 0.726008289953285 0.724898361491265 1.27473678747077 1.26404062473329 0.395661959339285 1000 3 0.0015
126916 0.394072387781594 0.393878467731362 0.958320952371258 0.957535401998076 0.83430572290754 1000 3 0.0015
128598 0.751268493619308 0.750269358743801 0.961043339039166 0.953106462294867 0.310731874100308 1000 3 0.0015
40223 0.0716480918324136 0.0700833601545823 1.52080832783131 1.50402312208472 -2.22144105343116 1000 3 0.0015
126381 0.707407975610971 0.707377506603172 0.965062757208449 0.964852086874701 -0.368724568791726 1000 3 0.0015
82104 0.494578631048157 0.492990402625913 1.51785707079592 1.50673785621943 0.841520172230524 1000 3 0.0015
31924 0.660150751304765 0.65960889442517 1.89319343476748 1.88676721517093 -0.605004965619623 1000 3 0.0015
5652 0.329148293266384 0.332377520095579 0.9624937759834 0.975434786349555 -0.957356101552988 1000 3 0.0015
99832 0.726458309310837 0.728620419698831 1.50555078320238 1.53064298140459 0.429257551500909 1000 3 0.0015
74480 0.625844344681407 0.627081511360134 1.01428449421804 1.02158587347849 0.491054361933443 1000 4 0.002
68655 0.991625065901259 0.991613898171038 1.01589441152125 1.01319039071246 0.0105797059557833 1000 4 0.002
104416 0.367030664098157 0.366422345715985 1.31592322067579 1.31258657585327 1.0347741312975 1000 4 0.002
86159 0.307321960954566 0.306194784513833 1.30986656462487 1.30377604584504 -1.1683652964423 1000 4 0.002
107135 0.117639417432941 0.115669889877715 1.0193475695148 1.00842382268795 1.57982367285502 1000 4 0.002
29491 0.259078468888556 0.275270657888869 1.13954764416843 1.21937539925956 1.2047459573593 1000 4 0.002
14378 0.0338535222072667 0.0336634743789321 1.19371847104577 1.19117098105524 2.31823721674178 1000 4 0.002
115456 0.533315623580122 0.530865504270411 1.31306427293845 1.29746901826059 0.713835340686318 1000 4 0.002
83182 0.0711653197277174 0.0696299591118706 1.18641503051757 1.17351669351051 -1.96542381403241 1000 4 0.002
52202 0.749678073531052 0.747141490449033 1.14631492215955 1.12263872505848 0.341609243719421 1000 4 0.002
90642 0.836802168032111 0.836044121064254 1.02002971153054 1.01048510339654 -0.208038277498494 1000 4 0.002
114689 0.0795323174296146 0.0803221150067704 1.71778882822632 1.72680990403856 -2.29809199821688 1000 4 0.002
41539 0.0865764878905434 0.0854998482566185 1.02276791155769 1.01577446466137 -1.73313933707565 1000 4 0.002
52327 0.0274007839743806 0.0260937091485326 1.44469357608259 1.42005403509244 2.65122261853653 1000 4 0.002
10410 0.333141181742491 0.333839179512239 1.18202459740833 1.18544297606906 1.05220810703858 1000 4 0.002
64217 0.243418150136758 0.243015556378436 1.72270151215749 1.71976079318224 -1.53103251911458 1000 4 0.002
96371 0.563423909240098 0.559495928857852 1.14869766999617 1.12587310121219 -0.619231230563588 1000 4 0.002
71614 0.840024135347547 0.835903538650228 1.02659364222646 0.974986427778913 0.20452912643361 1000 4 0.002
119257 0.871210338670483 0.87293559049225 1.13131743972008 1.16251994209313 -0.172437731008072 1000 4 0.002
107897 0.893371402828672 0.893271939016667 1.42698789494326 1.4243134304106 -0.16011893221485 1000 4 0.002
108988 0.936440109085428 0.936335777056658 1.19244440783118 1.18853099975655 0.0870807689941192 1000 4 0.002
51296 0.907562274398124 0.907349124852331 1.32323868681048 1.31712988699881 0.133568269452713 1000 4 0.002
114564 0.254763947557364 0.254724568016033 1.43363834770973 1.43340069707276 1.36360301831015 1000 4 0.002
48089 0.954724473312905 0.954567709794454 1.01023953103838 1.00327243974499 -0.0570648783629119 1000 4 0.002
114536 0.530939542519186 0.527545075998508 1.45588761448166 1.43208578290904 0.75602335163899 1000 4 0.002
126245 0.404627710446755 0.405277730020505 1.32203257209463 1.32569628399948 0.958223205920714 1000 4 0.002
111112 0.204023096692376 0.201763851884034 1.32548938624475 1.31229467049942 -1.46234863349796 1000 4 0.002
93319 0.998349024788566 0.998362956147612 1.44456038165738 1.46925165601718 0.00248695914522173 1000 4 0.002
297 0.543887706590865 0.542066708894991 1.31483135379629 1.30301356759199 0.695959628096926 1000 4 0.002
28271 0.494393863512388 0.491717438663126 1.14956859138651 1.13542556625734 -0.732659925535894 1000 4 0.002
33214 0.587743611573375 0.585581256430899 1.52763081014606 1.51007695834311 -0.670032082322989 1000 5 0.0025
58298 0.288658007479243 0.283999123171935 1.04535071547738 1.02533105670479 -1.08486355773054 1000 5 0.0025
33185 0.948382020174488 0.948148669822007 1.10403444320287 1.09410580594677 -0.0680229607194404 1000 5 0.0025
12762 0.32732306717036 0.328557774437781 1.6463798508617 1.65480634753196 -1.25683529684805 1000 5 0.0025
5879 0.166484364805422 0.166775434089778 1.10129728215294 1.10281026751752 1.45197573042419 1000 5 0.0025
117822 0.794876353018794 0.795636081216866 1.03930418631332 1.04722262525364 -0.265043675349201 1000 5 0.0025
19590 0.571629557774827 0.57123967587531 1.03975573763645 1.03765053623127 0.576787590916496 1000 5 0.0025
96201 0.630351760729882 0.637353437001009 1.04255654022685 1.08648758330592 -0.491364898173967 1000 5 0.0025
12057 0.680677495878727 0.680487160508919 1.42787407604951 1.42607405378484 -0.491762878853848 1000 5 0.0025
120450 0.654326408673707 0.656221316654684 1.18752105714785 1.2015616520172 -0.487939482376188 1000 5 0.0025
12233 0.978691871727494 0.978701477181394 1.10216263841605 1.10315723115139 -0.0280401102195401 1000 5 0.0025
101055 0.915497947878467 0.915599577416759 1.42513796529273 1.4285850668925 -0.126668888545963 1000 5 0.0025
64461 0.859233983428481 0.859202623108804 1.09494829095311 1.09445543592894 0.185577972146372 1000 5 0.0025
122034 0.724822547999258 0.723558824223152 1.29941940050585 1.28706419515596 -0.401276002899493 1000 5 0.0025
88619 0.0328149173314683 0.0313873782734855 1.28240060764048 1.26129149527435 2.41699396124312 1000 5 0.0025
13563 0.488227165113447 0.486447590876884 1.30118778930322 1.29059474223231 0.790652215025175 1000 5 0.0025
103728 0.276224816160664 0.275926892302994 1.34109018772652 1.33942720193432 1.26093508000093 1000 5 0.0025
95394 0.564019793320456 0.562658172895876 1.52260698152455 1.51201706487469 0.711836418058857 1000 5 0.0025
119428 0.772495611070544 0.773469622349845 1.0926218413051 1.10230468891715 0.302204672122455 1000 5 0.0025
2885 0.456778131268779 0.458551733112168 1.38709458793249 1.3980778852229 -0.876437313256225 1000 5 0.0025
28254 0.0950645320253969 0.0991185068233021 0.946218966133139 0.969453342814529 1.62375895854883 1000 5 0.0025
51974 0.630312457818705 0.631552038748712 1.29786253665041 1.30731775861645 -0.548300418825534 1000 5 0.0025
42179 0.499544990901743 0.500101456572077 1.00394265731803 1.00655191086891 -0.676535592539511 1000 5 0.0025
127260 0.776188689264484 0.776659128821743 1.64768138776141 1.65482021702242 0.364919544721263 1000 5 0.0025
70215 0.799227232757101 0.799678261404491 1.31880620982523 1.32488141216838 -0.292090670471872 1000 5 0.0025
115245 0.0286027987965358 0.0282141309311137 1.51898210963918 1.51154540743544 -2.69777562709118 1000 5 0.0025
60581 0.146836028353149 0.149005447772266 1.19572604857897 1.20859560860238 1.58643721241752 1000 5 0.0025
121051 0.616486616833724 0.615943384167744 1.42185587685937 1.41748281917603 -0.59720473354202 1000 5 0.0025
20040 0.0784649745030936 0.0765124492059451 1.42518253351832 1.40653324367176 -2.1007033638437 1000 5 0.0025
78229 0.495472176863459 0.495784007457236 1.42772085724369 1.42978810270659 -0.814462545801919 1000 5 0.0025
70999 0.827039124770046 0.82676715637412 1.46561220128237 1.46094003008075 0.264522174002971 1000 7 0.0035
19586 0.8744535759509 0.874116274640944 1.50511578153398 1.49699340221316 -0.193844410818303 1000 6 0.003
26696 0.672726921815354 0.672009616602316 1.173867497461 1.16842244707609 -0.457659120189935 1000 9 0.0045
127456 0.110976322913768 0.109937564095299 1.4148216312936 1.40659559957327 1.89578969775812 1000 10 0.005
59506 0.321633492606309 0.319387485970352 1.29438375839102 1.28242415392432 -1.12759185392113 1000 10 0.005
73947 0.904344630978921 0.904873706030487 1.34796836822698 1.36307696480845 0.139525465825924 1000 9 0.0045
50349 0.107720157448885 0.111101063652902 1.24603894377703 1.27002474342585 1.79553440678264 1000 10 0.005
65441 0.19319615558018 0.191953566922737 1.23552924638899 1.22864607677627 -1.44632059710623 1000 7 0.0035
109911 0.47359374509824 0.473908843956199 1.12048509450171 1.12208298243588 0.758589020911993 1000 6 0.003
28291 0.00752093058839311 0.00758171333140642 1.23714749438454 1.23965208980861 -2.97293721219612 1000 6 0.003
2785 0.883697602145576 0.883535768160361 1.22597943873214 1.22255027257161 0.161970862005782 1000 6 0.003
92967 0.42173413117557 0.420230519359045 1.14811543068007 1.14070606743188 -0.860861805524786 1000 10 0.005
70645 0.373715442945065 0.364820501191616 1.13790126899153 1.09639150651682 0.948889179024498 1000 7 0.0035
74078 0.899937524514027 0.899751519102295 1.19062455157607 1.18618703939922 -0.137202429959541 1000 7 0.0035
114279 0.674489359673758 0.672818811995523 1.19531601827391 1.18239897295848 0.45918229181946 1000 7 0.0035
36988 0.494541641270298 0.495228397955613 1.06601858292548 1.069417767256 0.705291580936341 1000 9 0.0045
121615 0.046965572374428 0.0454211870524059 1.16700669444126 1.15059004166301 2.14609730329589 1000 9 0.0045
13223 0.122645096536707 0.123043554280311 1.31355219773952 1.31635110923567 1.76931460794242 1000 7 0.0035
18685 0.0436808830530592 0.0430603281718808 1.330319062267 1.32246087713389 -2.326558594296 1000 7 0.0035
124437 0.355611651486826 0.337075814415271 0.989558752246933 0.916333987835935 -0.918924042517724 1000 10 0.005
34145 0.0811515334685328 0.0766807135924048 1.13138528581909 1.09809964283048 1.85507953877461 1000 7 0.0035
76122 0.993112941098573 0.993086970433995 1.25666004066605 1.24723557586565 0.00967627119140552 1000 9 0.0045
75923 0.229730102239825 0.227752385928009 1.28293780657985 1.27208088900705 1.36039641299212 1000 6 0.003
13308 0.998158179452072 0.998191417406765 1.35889853095284 1.40930499441504 -0.00269092226789893 1000 9 0.0045
115587 0.530240214713508 0.530846144736438 1.42586316188073 1.43007290475701 -0.749461104951281 1000 6 0.003
30340 0.291029546028657 0.290552154979866 0.937621644303894 0.935767833448522 1.02240395692667 1000 10 0.005
2349 0.408810417742986 0.410195546853066 1.03641052584593 1.04255915299824 0.84089174978291 1000 7 0.0035
86959 0.0554943350254198 0.0572296602453558 1.01861227339605 1.03305448701733 -1.93272459762152 1000 8 0.004
128581 0.442528615342659 0.440908631359062 1.18784017853343 1.17944099194506 -0.836952459459517 1000 6 0.003
104619 0.556817812232676 0.557312856213112 1.23445310375218 1.23755650492748 -0.652830398329116 1000 7 0.0035
29980 0.387755198549717 0.3848658392008 1.27059079263384 1.25522514455225 -0.973561738613068 1000 17 0.0085
28890 0.0437258666176848 0.0454843674656182 1.30468458096649 1.32638061879576 -2.30354154837063 1000 19 0.0095
108526 0.710025203848865 0.707407469344691 1.12814622195434 1.10709769591081 -0.394928121592596 1000 14 0.007
20306 0.919041284184599 0.919851611282039 1.25637465731999 1.28199592874167 -0.113927980624307 1000 17 0.0085
1786 0.160493567352458 0.164601334098656 1.12638095807853 1.14861926375475 1.48945813986223 1000 16 0.008
94757 0.0839340244513082 0.0838175942277595 1.18883476728875 1.1879408824437 -1.88443204020325 1000 19 0.0095
51523 0.552057303835288 0.549663924694071 1.33224763334861 1.3163348000463 0.686397841374463 1000 12 0.006
36578 0.198248338402831 0.199012042494102 1.37964341491353 1.38434537735897 -1.5111683407769 1000 14 0.007
94539 0.363745590074826 0.369169357475612 1.11554491299548 1.14108196591205 0.959288958923362 1000 17 0.0085
47112 0.681658435664677 0.681179028816801 1.39640178282294 1.3919619447657 -0.484732362317381 1000 16 0.008
31259 0.349626853353659 0.346955410456541 1.19807083837444 1.18486479820594 -1.02376049620472 1000 20 0.01
125436 0.73309284301371 0.734040276213073 1.12082824997779 1.12914537133001 -0.361028993293356 1000 17 0.0085
117105 0.39437235335291 0.392268616645569 1.38489583891092 1.37263460875931 -1.00231169057495 1000 14 0.007
108814 0.701230065167152 0.70015661426494 1.60390126707789 1.59185833104728 -0.485887745107815 1000 14 0.007
105252 0.282328890298883 0.279603186745076 1.2875906847834 1.27308213924061 -1.21994075361763 1000 15 0.0075
91684 0.27698229070647 0.276779966175514 1.26864072010045 1.26757249018372 1.22447001809141 1000 20 0.01
36974 0.869209812487535 0.869571497735234 1.190638532663 1.19731118582545 -0.179673519826692 1000 13 0.0065
109994 0.574214549371094 0.57454284141409 1.21457087370451 1.21665631530996 -0.619207179290651 1000 19 0.0095
17500 0.124630238612217 0.12522890314367 1.41181514460062 1.41630314593122 -1.82462765861908 1000 15 0.0075
46437 0.736958637885141 0.73623834740368 1.20266838824036 1.19585641704723 -0.36835091991241 1000 16 0.008
81621 0.112406227704682 0.114462570338472 1.16664080201047 1.18001439596241 1.7146446068397 1000 18 0.009
8257 0.0368377460943724 0.0379625095283871 1.14083746892595 1.15439925826002 -2.22972030030892 1000 12 0.006
85188 0.566912982409876 0.56670996550031 1.17155928788951 1.17033347078129 -0.619778299052987 1000 16 0.008
92684 0.33039744547842 0.338088737906892 1.11510520841353 1.15116388731177 1.02780501316535 1000 16 0.008
7346 0.0311662965969592 0.0308550589274474 1.39224344918045 1.3870969961857 -2.54268976254442 1000 14 0.007
46582 0.20172028036883 0.199352851761441 1.2940497829367 1.28051013952496 1.45228782803229 1000 14 0.007
77383 0.178993592553733 0.178124795301696 1.28484950474054 1.2797191377902 1.52328171287155 1000 15 0.0075
85656 0.0696246743209332 0.0701667214661637 1.1147169813967 1.11904477118344 -1.915588001498 1000 13 0.0065
20978 0.349182572539011 0.346741042742986 1.11121250203365 1.10001362078046 0.986861184648971 1000 16 0.008
75593 0.066459814462798 0.066219531298454 1.22745219515121 1.22528144367568 2.03334772289461 1000 16 0.008
73562 0.313207972932425 0.31160165740478 1.06056992810074 1.05355195331498 -1.03860737898477 1000 245 0.1225
89346 0.191655899955539 0.193154857063118 1.16575060307481 1.17363549862429 -1.40975925887799 1000 31 0.0155
93630 0.842254587317971 0.841987327607591 1.2048341470851 1.20070773615971 -0.218443671706962 1000 70 0.035
1667 0.669437859852292 0.66971185335743 1.04667825307901 1.04852502809329 -0.436769933975464 1000 267 0.1335
6639 0.545139510461228 0.545216340695403 1.20204412694415 1.20250369593866 -0.663373682770183 1000 100 0.05
20282 0.322162594919761 0.329168383709231 1.0351102094543 1.06552748790252 -1.00725361226292 1000 49 0.0245
12108 0.82137435419002 0.820151386806969 1.2120742136414 1.19536406221338 0.248568202135628 1000 29 0.0145
65251 0.672019835206401 0.672955789751311 0.897182335669808 0.902643437185315 0.401021967737215 1000 554 0.277
70151 0.5506348815068 0.552859327442012 1.09814449288413 1.11049525191706 -0.625410455012853 1000 213 0.1065
108135 0.0967243707670634 0.0967718361002139 1.36875285061427 1.36914234069642 -1.94320191380428 1000 34 0.017
59353 0.7869585223558 0.786211942452809 1.1144434477872 1.10648145069919 -0.285308276170268 1000 113 0.0565
1092 0.468301027137538 0.473320288041716 1.13611986334616 1.16212028435437 -0.773032078773379 1000 54 0.027
68577 0.398653968463462 0.398566096879244 0.759504094200391 0.759221143203213 0.735566126455691 1000 742 0.371
83340 0.870536055687655 0.871210359097559 1.07840460910906 1.08982734357692 0.169246165981942 1000 41 0.0205
91756 0.00633001240075316 0.00587784879844092 1.18634552085522 1.16547138953337 -2.97369601693217 1000 40 0.02
25250 0.41664667544575 0.419655185804345 1.13806228430324 1.15286944136415 -0.866511141562928 1000 132 0.066
111481 0.637280467481955 0.638129416466138 1.04875031600661 1.05405862738953 -0.482860795109844 1000 374 0.187
109158 0.439111662985926 0.4391303014405 1.2728295216373 1.27293320448167 0.87287981227642 1000 21 0.0105
66040 0.21588306305927 0.22246714930677 1.08541862183405 1.1168817631429 -1.28932170771327 1000 27 0.0135
44320 0.769346847392148 0.770319862522396 1.10759967327346 1.11727821554441 -0.308602084441561 1000 25 0.0125
67216 0.96357865634845 0.963685812404855 1.2643099756232 1.27178764244907 0.0513444599746588 1000 117 0.0585
121487 0.969171217424037 0.969055146554187 1.10335146329773 1.09508576293392 -0.0405958233690912 1000 233 0.1165
31912 0.496231184995768 0.4932912652722 1.26596965289182 1.24883586568709 0.765589829474082 1000 52 0.026
22769 0.410806550908843 0.410828724522838 1.01538134750011 1.01547758610537 0.828776352546547 1000 360 0.18
70354 0.651031230720625 0.651690571404921 1.14264515504925 1.14728298027332 0.4835163141315 1000 67 0.0335
69247 0.285835571150599 0.287047043507342 1.13859047463127 1.14432979855357 -1.13886178154271 1000 147 0.0735
46592 0.638782115777377 0.638001358220538 1.11246156889545 1.1072999159998 0.495094050245807 1000 56 0.028
88624 0.526725446630943 0.52849569817058 0.899606014765493 0.907354190250443 -0.600396976470517 1000 510 0.255
15940 0.10021049313869 0.0989717840995682 1.15576838610724 1.14734252752716 1.7672311917426 1000 49 0.0245
92922 0.237560549288214 0.23859362126222 0.622808653362627 0.625556405837555 0.932108046685255 1000 982 0.491
