CHR POS SNPID Allele1 Allele2 AC_Allele2 AF_Allele2 imputationInfo N BETA SE Tstat p.value p.value.NA Is.SPA.converge varT varTstar Tstat_cond p.value_cond varT_cond BETA_cond SE_cond AF.Cases AF.Controls
1 4 rs4 1 2 20 0.00999999977648258 1 1000 -0.0693052359609493 0.791719142326904 -0.110566549213573 0.930244157113973 0.930244157113973 1 1.5953563634914 1.6941187633108 -1.11022302462516e-15 0.999999999999991 0.00828333746811327 -1.34030881742892e-13 12.1929169323405 0.0102040816326531 0.00997782705099778
1 9 rs9 1 2 4 0.0020000000949949 1 1000 -1.37868065186756 1.55037270717392 -0.573576635254413 0.373864674087302 0.373864674087302 1 0.416032991017497 0.441787999451481 -0.574723219727126 0.372812220175067 0.415862319318485 -1.38200359356669 1.55069081437982 0 0.00221729490022173
1 10 rs10 1 2 4 0.0020000000949949 1 1000 0.662264575078331 1.47307007142617 0.305200129135248 0.653012463698743 0.653012463698743 1 0.460843204695267 0.489372241766685 0.30316371208345 0.65498880051221 0.460304832218499 0.658615097787076 1.47393127097481 0.00510204081632653 0.0016629711751663
1 12 rs12 1 2 30 0.0149999996647239 1 1000 -0.0861419166032964 0.65780521971458 -0.199076455522029 0.895812067190442 0.895812067190442 1 2.31102886227645 2.45409580438011 -0.204878720594689 0.892692590326723 2.30665822736694 -0.0888205795570152 0.658428126441315 0.0153061224489796 0.0149667405764967
1 14 rs14 1 2 75 0.0375000014901161 1 1000 -0.0660234300549649 0.43496948292441 -0.348963903666467 0.879353635387362 0.879353635387362 1 5.28545553261854 5.61265783329934 -0.333569910850702 0.884302813664534 5.25469088403734 -0.0634804060242665 0.436240932974134 0.0306122448979592 0.0382483370288248
1 15 rs15 1 2 244 0.122000001370907 1 1000 -0.283225517513791 0.246944352235041 -4.64444883559557 0.251414516833032 0.251414516833032 1 16.3984123901174 17.4135752702979 -4.63263579611945 0.252360097903371 16.3802959563729 -0.282817588183875 0.247080873416069 0.0969387755102041 0.124722838137472
1 17 rs17 1 2 12 0.00600000005215406 1 1000 -0.0512329197565736 0.832541747059506 -0.0739157634430648 0.950930784899041 0.950930784899041 1 1.44273962511342 1.53205410741436 -0.0770905557101334 0.948802831161435 1.44143110613135 -0.0534819564960246 0.832919548520372 0.0102040816326531 0.00554323725055432
1 20 rs20 1 2 762 0.381000012159348 1 1000 -0.00278349219990481 0.16532407980697 -0.101839856907669 0.98656698690457 0.98656698690457 1 36.5870818359582 38.8520478881825 -0.109173894348298 0.985598330440808 36.5800989388159 -0.00298451610343929 0.165339858686597 0.36734693877551 0.382483370288248
1 22 rs22 1 2 459 0.229499995708466 1 1000 0.144552822444239 0.19410710461607 3.83657517928724 0.456449169044451 0.456449169044451 1 26.5409911367672 28.1840422056306 3.85020414236829 0.454646126504913 26.5168768162156 0.145198251251588 0.194195344594192 0.255102040816327 0.226718403547672
