CHR SNPID POS A1 A2 p.value p.value.NA Is.converge var1 var2 N AC AF
1 rs17573 17573 2 1 0.910716797136043 0.910716797136043 TRUE 0.0165151869613651 0.0209866043924929 20 20 0.5
1 rs45739 45739 2 1 0.512058535238185 0.512058535238185 TRUE 0.0261849320634627 0.0418751722963948 20 20 0.5
1 rs118023 118023 2 1 0.255586187826254 0.255586187826254 TRUE 0.0246053699466177 0.0348257624285515 20 20 0.5
1 rs61237 61237 2 1 0.389378513494183 0.389378513494183 TRUE 0.0227758336619303 0.0340287372269801 20 20 0.5
1 rs47723 47723 2 1 0.499414153337265 0.499414153337265 TRUE 0.0133462812819987 0.0188875272194245 20 20 0.5
1 rs90941 90941 2 1 0.530513320254634 0.530513320254634 TRUE 0.0184235306996787 0.0240177888051918 20 20 0.5
1 rs29417 29417 2 1 0.10229951581799 0.10229951581799 TRUE 0.0100680196006398 0.0145286415852001 20 20 0.5
1 rs97266 97266 2 1 0.651514929703811 0.651514929703811 TRUE 0.0172205581220175 0.0233364031784456 20 20 0.5
1 rs137665 137665 2 1 0.0786136068084666 0.0786136068084666 TRUE 0.0233103113172772 0.0351523150683293 20 20 0.5
1 rs143123 143123 2 1 0.371956513891292 0.371956513891292 TRUE 0.00943703712465456 0.0118506823988019 20 20 0.5
1 rs143964 143964 2 1 0.559890637578066 0.559890637578066 TRUE 0.0140996833537596 0.0204093281787376 20 20 0.5
1 rs138726 138726 2 1 0.638632111250844 0.638632111250844 TRUE 0.00911617840894239 0.0117569627014378 20 20 0.5
1 rs47246 47246 2 1 0.717393297757811 0.717393297757811 TRUE 0.00880976520120661 0.010570647442799 20 20 0.5
1 rs77557 77557 2 1 0.127837773277848 0.127837773277848 TRUE 0.022093493730607 0.033906016977594 20 20 0.5
1 rs57995 57995 2 1 0.802230255645669 0.802230255645669 TRUE 0.00682420353810036 0.0083548887950246 20 20 0.5
1 rs104397 104397 2 1 0.967486622196284 0.967486622196284 TRUE 0.026222926084122 0.0395677562157772 20 20 0.5
1 rs66382 66382 2 1 0.522429105348536 0.522429105348536 TRUE 0.0129309397136055 0.0169586261962047 20 20 0.5
1 rs144228 144228 2 1 0.0609966221220533 0.0609966221220533 TRUE 0.0330521183596436 0.052235105006688 20 20 0.5
1 rs83402 83402 2 1 0.0759522955339712 0.0759522955339712 TRUE 0.0322984686293434 0.0515776517777239 20 20 0.5
1 rs68044 68044 2 1 0.576722521235352 0.576722521235352 TRUE 0.0201555434771795 0.0258422974484663 20 20 0.5
1 rs19051 19051 2 1 0.0472151982192422 0.0472151982192422 TRUE 0.0193167982933527 0.0313845179711815 20 20 0.5
1 rs603 603 2 1 0.585130106331362 0.585130106331362 TRUE 0.012852722936059 0.0166868273519273 20 20 0.5
1 rs51750 51750 2 1 0.100772825433709 0.100772825433709 TRUE 0.0178472828052669 0.0270242737118786 20 20 0.5
1 rs97081 97081 2 1 0.896192709949333 0.896192709949333 TRUE 0.020448379306499 0.0273492498153789 20 20 0.5
1 rs63839 63839 2 1 0.358619736634244 0.358619736634244 TRUE 0.0259729089603053 0.0359651311644932 20 20 0.5
1 rs26013 26013 2 1 0.826310642722073 0.826310642722073 TRUE 0.0355214769689472 0.0527192801463191 20 20 0.5
1 rs107585 107585 2 1 0.644850664631671 0.644850664631671 TRUE 0.0262398159165958 0.0330587268903265 20 20 0.5
1 rs55310 55310 2 1 0.154320839366214 0.154320839366214 TRUE 0.0281921409050085 0.0431101192058414 20 20 0.5
1 rs53643 53643 2 1 0.773957574521954 0.773957574521954 TRUE 0.0284967940598362 0.040876003895103 20 20 0.5
1 rs91174 91174 2 1 0.0952090064039081 0.0952090064039081 TRUE 0.0148267651538577 0.0223903677806246 20 20 0.5
1 rs126726 126726 2 1 0.754015238947855 0.754015238947855 TRUE 0.0102964092658383 0.0129898413335413 20 20 0.5
1 rs126089 126089 2 1 0.75584435489537 0.75584435489537 TRUE 0.0222705380020384 0.028378237214617 20 20 0.5
1 rs14857 14857 2 1 0.0985795089389736 0.0985795089389736 TRUE 0.0157077181180329 0.0234028135743727 20 20 0.5
1 rs142970 142970 2 1 0.753536459595825 0.753536459595825 TRUE 0.0243805691582485 0.0337403218074419 20 20 0.5
1 rs72434 72434 2 1 0.437274963505982 0.437274963505982 TRUE 0.0146671223442444 0.0199617165225624 20 20 0.5
1 rs145470 145470 2 1 0.159705791803246 0.159705791803246 TRUE 0.0237684031501533 0.0323993613845866 20 20 0.5
1 rs79355 79355 2 1 0.330246532782447 0.330246532782447 TRUE 0.0256200048850871 0.0389174508878449 20 20 0.5
1 rs144905 144905 2 1 0.811642122445047 0.811642122445047 TRUE 0.0297638174071843 0.045153143127771 20 20 0.5
1 rs131059 131059 2 1 0.353054450580014 0.353054450580014 TRUE 0.00811270363028365 0.0113699570789998 20 20 0.5
1 rs50377 50377 2 1 0.905629812647845 0.905629812647845 TRUE 0.0380303284599919 0.0520935395511124 20 20 0.5
1 rs53626 53626 1 2 0.269209364091951 0.269209364091951 TRUE 0.0253302354599096 0.0342468316193769 20 20 0.5
1 rs98600 98600 2 1 0.404398255352802 0.404398255352802 TRUE 0.0234320660982506 0.033278759061105 20 20 0.5
1 rs44390 44390 2 1 0.16184164733678 0.16184164733678 TRUE 0.0274543582720537 0.0421128495649515 20 20 0.5
1 rs107188 107188 2 1 0.404669398092928 0.404669398092928 TRUE 0.0163060000661165 0.0214319829596275 20 20 0.5
1 rs57868 57868 1 2 0.676132514832255 0.676132514832255 TRUE 0.0241248532832167 0.0327702038363 20 20 0.5
1 rs79521 79521 2 1 0.110401009393653 0.110401009393653 TRUE 0.0271724335654805 0.0391737417639886 20 20 0.5
1 rs10102 10102 1 2 0.17025808569218 0.17025808569218 TRUE 0.00559973347132047 0.00948439789209214 20 20 0.5
1 rs19317 19317 1 2 0.243813088308724 0.243813088308724 TRUE 0.00966544032892576 0.0133177846100398 20 20 0.5
1 rs49533 49533 2 1 0.811874679726914 0.811874679726914 TRUE 0.0202756583480208 0.0305363535913209 20 20 0.5
1 rs6294 6294 2 1 0.918237894706427 0.918237894706427 TRUE 0.00830109372329379 0.0116816198970812 20 20 0.5
1 rs38455 38455 2 1 0.119223212080431 0.119223212080431 TRUE 0.0182166896744241 0.0271954949136753 20 20 0.5
1 rs64725 64725 2 1 0.89383603549948 0.89383603549948 TRUE 0.00830395714671428 0.0101222496743099 20 20 0.5
1 rs59578 59578 2 1 0.448555868010782 0.448555868010782 TRUE 0.0204547169192171 0.0291885220081795 20 20 0.5
1 rs29219 29219 2 1 0.473367801535952 0.473367801535952 TRUE 0.0202668204515329 0.0263041939858644 20 20 0.5
1 rs21985 21985 2 1 0.148721501397797 0.148721501397797 TRUE 0.0273361201231557 0.0410735191532275 20 20 0.5
1 rs23930 23930 2 1 0.294602276416059 0.294602276416059 TRUE 0.0195194503275736 0.0277023668254728 20 20 0.5
1 rs5766 5766 1 2 0.681216666637847 0.681216666637847 TRUE 0.0164450374313125 0.0221636522731244 20 20 0.5
1 rs91633 91633 2 1 0.738951018580014 0.738951018580014 TRUE 0.0162843459524176 0.0209630878402941 20 20 0.5
1 rs98511 98511 2 1 0.122802223817716 0.122802223817716 TRUE 0.014700421159364 0.0225661613347654 20 20 0.5
1 rs34646 34646 2 1 0.714072137203684 0.714072137203684 TRUE 0.0161870097189256 0.0214696736834931 20 20 0.5
1 rs86982 86982 2 1 0.778824587588583 0.778824587588583 TRUE 0.0148986357651546 0.019204198237024 20 20 0.5
1 rs70455 70455 2 1 0.951474070225095 0.951474070225095 TRUE 0.0181714424971812 0.0224709222256561 20 20 0.5
1 rs72282 72282 2 1 0.703926242702954 0.703926242702954 TRUE 0.0133539870220764 0.0172269507716024 20 20 0.5
1 rs45131 45131 2 1 0.130535991149772 0.130535991149772 TRUE 0.0348872102207532 0.0530828555377376 20 20 0.5
1 rs26584 26584 2 1 0.520039417322898 0.520039417322898 TRUE 0.0296157154515642 0.0394398390566569 20 20 0.5
1 rs96352 96352 2 1 0.430797098229853 0.430797098229853 TRUE 0.0199782201772271 0.0279860951311498 20 20 0.5
1 rs65134 65134 2 1 0.168224791470485 0.168224791470485 TRUE 0.0196640780514928 0.0298765710240101 20 20 0.5
1 rs40289 40289 2 1 0.301498482621576 0.301498482621576 TRUE 0.0139228509348643 0.0201219162542684 20 20 0.5
1 rs19551 19551 2 1 0.469983627600765 0.469983627600765 TRUE 0.017170621908866 0.0242415917302487 20 20 0.5
1 rs73953 73953 2 1 0.520640588066365 0.520640588066365 TRUE 0.0151608844839542 0.0234553383747977 20 20 0.5
1 rs29182 29182 2 1 0.293992796551132 0.293992796551132 TRUE 0.0186121034230404 0.0266041332305789 20 20 0.5
1 rs120541 120541 2 1 0.0455004006130872 0.0455004006130872 TRUE 0.0334133841991987 0.0543070137590562 20 20 0.5
1 rs21811 21811 1 2 0.906190962494634 0.906190962494634 TRUE 0.0145073793544725 0.0182739419172578 20 20 0.5
1 rs43680 43680 2 1 0.526269041684511 0.526269041684511 TRUE 0.0174660056423097 0.0229485458773216 20 20 0.5
1 rs71511 71511 1 2 0.314524703384306 0.314524703384306 TRUE 0.0196663394645331 0.0297211944118382 20 20 0.5
1 rs54354 54354 2 1 0.544421289640043 0.544421289640043 TRUE 0.00594341904125507 0.00738250550761904 20 20 0.5
1 rs64336 64336 2 1 0.220679890748831 0.220679890748831 TRUE 0.0200565588629974 0.0299878031209459 20 20 0.5
1 rs56104 56104 2 1 0.971242714168574 0.971242714168574 TRUE 0.00582509840438365 0.00691268976109375 20 20 0.5
1 rs116106 116106 2 1 0.0967880456296187 0.0967880456296187 TRUE 0.0302235373688807 0.0462484292395 20 20 0.5
1 rs1086 1086 2 1 0.745740400649677 0.745740400649677 TRUE 0.0283731936248682 0.0425926717951999 20 20 0.5
1 rs2173 2173 2 1 0.10805413709361 0.10805413709361 TRUE 0.0241392441300685 0.0364705390378306 20 20 0.5
1 rs105941 105941 2 1 0.992717932410458 0.992717932410458 TRUE 0.0298535816124572 0.0419902824003546 20 20 0.5
1 rs143436 143436 2 1 0.929957882693353 0.929957882693353 TRUE 0.0379986907363754 0.0506996456741074 20 20 0.5
1 rs126852 126852 2 1 0.282494719261749 0.282494719261749 TRUE 0.0197410255423664 0.0265260401214856 20 20 0.5
1 rs89997 89997 2 1 0.784510642957232 0.784510642957232 TRUE 0.0141425211745765 0.0178374215684253 20 20 0.5
1 rs46017 46017 2 1 0.221306829324415 0.221306829324415 TRUE 0.0174393672135326 0.0247146795636583 20 20 0.5
1 rs47868 47868 2 1 0.548070199377419 0.548070199377419 TRUE 0.00870244093265604 0.010954003426939 20 20 0.5
1 rs63468 63468 2 1 0.762764607216396 0.762764607216396 TRUE 0.034845204646272 0.0528972974986159 20 20 0.5
1 rs63606 63606 2 1 0.300823444644515 0.300823444644515 TRUE 0.0141342615320796 0.020343838428641 20 20 0.5
1 rs75486 75486 2 1 0.849881748300705 0.849881748300705 TRUE 0.029021619383355 0.0422536734169624 20 20 0.5
