CHR SNPID POS A1 A2 p.value p.value.NA Is.converge var1 var2 N AC AF
1 rs95331 95331 2 1 0.14964446652873 0.14964446652873 TRUE 0.0718643172541763 0.076514264093288 1000 74 0.037
1 rs45080 45080 2 1 0.408324198813918 0.408324198813918 TRUE 0.054711983063355 0.0580615961194859 1000 439 0.2195
1 rs130187 130187 2 1 0.250355222727706 0.250355222727706 TRUE 0.096411311362161 0.104390612766351 1000 24 0.012
1 rs53279 53279 2 1 0.50502601724251 0.50502601724251 TRUE 0.0780346329394514 0.0832636578211787 1000 46 0.023
1 rs149258 149258 2 1 0.436858078389952 0.436858078389952 TRUE 0.0719945212779633 0.0767633604529186 1000 134 0.067
1 rs129846 129846 2 1 0.963208351309115 0.963208351309115 TRUE 0.0644160733992584 0.0683540683844421 1000 242 0.121
1 rs117945 117945 2 1 0.610394148051049 0.610394148051049 TRUE 0.0730493618226726 0.0772978891499327 1000 45 0.0225
1 rs72070 72070 2 1 0.248582444835384 0.248582444835384 TRUE 0.0646856178787015 0.0687667246523643 1000 108 0.054
1 rs52923 52923 2 1 0.222910432749262 0.222910432749262 TRUE 0.0376576051384281 0.0401559465954377 1000 998 0.499
1 rs122536 122536 2 1 0.730698823184432 0.730698823184432 TRUE 0.0383862927752074 0.0407780972319691 1000 952 0.476
1 rs124508 124508 2 1 0.522772786422835 0.522772786422835 TRUE 0.0668125926923774 0.0709691860809469 1000 237 0.1185
1 rs77418 77418 2 1 0.88149783000615 0.88149783000615 TRUE 0.0410189407446971 0.043556149643172 1000 929 0.4645
1 rs86745 86745 2 1 0.384970368570281 0.384970368570281 TRUE 0.0666954832440415 0.0709330335364139 1000 220 0.11
1 rs22699 22699 2 1 0.453889225346076 0.453889225346076 TRUE 0.0748224922370513 0.0799538475665424 1000 126 0.063
1 rs104471 104471 2 1 0.65022324586304 0.65022324586304 TRUE 0.045387541964627 0.0483836660977615 1000 821 0.4105
1 rs76782 76782 2 1 0.886113780693128 0.886113780693128 TRUE 0.0435976520059931 0.0464930836748736 1000 868 0.434
1 rs14820 14820 2 1 0.464348920919241 0.464348920919241 TRUE 0.0767801994213114 0.0813954877833675 1000 50 0.025
1 rs134868 134868 2 1 0.679794199598758 0.679794199598758 TRUE 0.0810634222994263 0.0865264213668788 1000 114 0.057
1 rs73016 73016 2 1 0.212809297025214 0.212809297025214 TRUE 0.0698242617142528 0.0740736028060514 1000 99 0.0495
1 rs100334 100334 2 1 0.915527265832865 0.915527265832865 TRUE 0.0639443061079884 0.068066322064898 1000 276 0.138
1 rs86072 86072 2 1 0.909032283411483 0.909032283411483 TRUE 0.070305570946065 0.07466172971169 1000 153 0.0765
1 rs29832 29832 2 1 0.620946853647421 0.620946853647421 TRUE 0.065011468624968 0.0690864822272688 1000 234 0.117
1 rs128227 128227 2 1 0.157519666098874 0.157519666098874 TRUE 0.0705905952427917 0.0747975886570775 1000 39 0.0195
1 rs88259 88259 2 1 0.837452226505528 0.837452226505528 TRUE 0.0652757097493162 0.0688718965448001 1000 55 0.0275
1 rs45093 45093 2 1 0.793505101279806 0.793505101279806 TRUE 0.0642118663717156 0.0682305265686747 1000 120 0.06
1 rs143010 143010 2 1 0.290174572101678 0.290174572101678 TRUE 0.0809644124315655 0.086375015893168 1000 40 0.02
1 rs55832 55832 2 1 0.144061278187906 0.144061278187906 TRUE 0.0576593892733711 0.0610059142102286 1000 420 0.21
1 rs16512 16512 2 1 0.449855741112222 0.449855741112222 TRUE 0.0654556977877415 0.0687566742966834 1000 25 0.0125
1 rs68153 68153 2 1 0.846526473288455 0.846526473288455 TRUE 0.0982066696291402 0.104965306552835 1000 25 0.0125
1 rs93038 93038 2 1 0.874461041684346 0.874461041684346 TRUE 0.0676533973351865 0.0712250444801841 1000 27 0.0135
