CHR POS SNPID Allele1 Allele2 AC_Allele2 AF_Allele2 imputationInfo N BETA SE Tstat p.value p.value.NA Is.SPA.converge varT varTstar AF.Cases AF.Controls
1 4 rs4 1 2 20 0.00999999977648258 1 1000 -0.0698658508059071 0.788430729624309 -0.112392638421151 0.929388832538946 0.929388832538946 NA 1.60869204517936 1.70188829939858 0.0102040816326531 0.00997782705099778
1 9 rs9 1 2 4 0.0020000000949949 1 1000 -1.36966422590588 1.54406951869144 -0.574487274746299 0.375052902386425 0.375052902386425 NA 0.419436577140898 0.443735769760889 0 0.00221729490022173
1 10 rs10 1 2 4 0.0020000000949949 1 1000 0.658325624677912 1.46846477984507 0.305290781390283 0.65393037933769 0.65393037933769 NA 0.463738262565197 0.49060398191696 0.00510204081632653 0.0016629711751663
1 11 rs11 1 2 2 0.00100000004749745 1 1000 -1.10585811734112 3.45888498738206 -0.0924330252623448 0.749184233584912 0.749184233584912 NA 0.0835848865355229 0.088427204465665 0 0.00110864745011086
1 12 rs12 1 2 30 0.0149999996647239 1 1000 -0.0849433576382149 0.655300992535951 -0.197809785618408 0.896863163452563 0.896863163452563 NA 2.3287257664208 2.46363568854327 0.0153061224489796 0.0149667405764967
1 14 rs14 1 2 75 0.0375000014901161 1 1000 -0.0654089156822723 0.43319902241075 -0.348547533568227 0.879983248689546 0.879983248689546 NA 5.32874654674475 5.63745648245207 0.0306122448979592 0.0382483370288248
1 15 rs15 1 2 244 0.122000001370907 1 1000 -0.281762249086183 0.245911427672855 -4.65935051517324 0.251883073107714 0.251883073107714 NA 16.5364612551346 17.4944670161737 0.0969387755102041 0.124722838137472
1 17 rs17 1 2 12 0.00600000005215406 1 1000 -0.0505080418763514 0.829427993522948 -0.0734181021924188 0.951442808232952 0.951442808232952 NA 1.45359232836928 1.53780320053201 0.0102040816326531 0.00554323725055432
1 20 rs20 1 2 762 0.381000012159348 1 1000 -0.0027643391875511 0.164673271889331 -0.101940110789712 0.986606691250231 0.986606691250231 NA 36.8768461007926 39.0132300869701 0.36734693877551 0.382483370288248
1 22 rs22 1 2 459 0.229499995708466 1 1000 0.143401534992561 0.193341383628157 3.83622574533759 0.458268396530929 0.458268396530929 NA 26.7516365535181 28.3014374172028 0.255102040816327 0.226718403547672
