markerIndex p.value p.value.NA var1 var2 Tv1 N AC AF
81310 0.220454021250721 0.180370723654828 1.13627040906639 0.950653664214312 1.3061437799712 1000 74 0.037
111416 0.880466609479797 0.872184075268393 1.06482759279936 0.930284785990999 -0.155175508120005 1000 199 0.0995
37839 0.832900423440849 0.813394319586077 0.923629094582454 0.7378825559629 -0.202766668106863 1000 439 0.2195
44248 0.421894316579689 0.379124823301402 0.668660099319304 0.557577765042451 0.656740041624898 1000 948 0.474
111799 0.247417612064659 0.188501965132486 1.2484167330368 0.965811358759829 -1.29234869072803 1000 24 0.012
70674 0.56457138367389 0.513861205319057 1.16892359010642 0.910162511127739 -0.6228226519331 1000 87 0.0435
44844 0.784745793151613 0.767574008980705 1.21807614527905 1.04035909566385 0.301454744941839 1000 46 0.023
90717 0.171326336157485 0.134533180981824 1.19419700660091 0.99790130091667 1.49489133264508 1000 62 0.031
128241 0.203434790098481 0.158147597601722 1.13990037246383 0.925690924066464 -1.35787971138838 1000 134 0.067
24347 0.958275098928492 0.954455710527693 1.10335465898208 0.925895527821226 0.0549554678935641 1000 74 0.037
111467 0.129889415115481 0.090294024776085 1.0805359141764 0.86387390476745 1.57434463907808 1000 242 0.121
12435 0.718223585371697 0.685009557398744 1.07405903501628 0.849901194821184 -0.373956824324704 1000 252 0.126
101559 0.468387011617037 0.424989430640331 1.20938862340769 0.999047597175795 0.797415054690927 1000 45 0.0225
107454 0.98667913884653 0.985588404570355 0.974905300430298 0.832906078310731 -0.0164851776863005 1000 317 0.1585
60569 0.689353537873771 0.65166057819693 1.13719230133456 0.891540492211048 -0.426271636020494 1000 108 0.054
75866 0.107125634434776 0.0722291569857146 0.845323232657254 0.679089892461108 -1.48140514877858 1000 589 0.2945
44558 0.842463428598731 0.82808191392046 0.581818171392053 0.48730890824209 -0.151595559213091 1000 998 0.499
14763 0.257057600427434 0.193252234292432 1.25137075712856 0.949653310957551 -1.26784425298546 1000 106 0.053
105100 0.44624801463148 0.398414802719688 0.626631479137429 0.509811103701084 0.602950308551976 1000 952 0.476
116280 0.971599270047274 0.969301025366129 0.730791267221157 0.625422793344372 -0.0304353188132997 1000 737 0.3685
106706 0.390404993088974 0.351678676340504 1.08160356059511 0.919859462530985 0.893239934046554 1000 237 0.1185
3008 0.922829561218762 0.916463010790699 1.11002120453257 0.94676380947782 -0.102059948306627 1000 95 0.0475
65323 0.970125895387586 0.966646460530096 0.673447252420925 0.540206065361848 -0.0307332251660015 1000 929 0.4645
92338 0.637179123923781 0.611426679269823 1.06796049887345 0.920441106575489 0.487409757104561 1000 205 0.1025
73469 0.851154615174647 0.83044630434459 1.13346577521296 0.87042744044787 0.199775480766863 1000 220 0.11
35435 0.495068139870148 0.475093255252454 1.07867157997051 0.984333147374992 -0.708599747949641 1000 53 0.0265
18300 0.130656742566828 0.104946553659426 1.11239472665566 0.966810627176982 -1.59419902704125 1000 126 0.063
39608 0.681239955562981 0.650343534240499 1.08221489613558 0.888734052059877 0.42732397126637 1000 206 0.103
89691 0.890771882589343 0.878550588584702 0.726015014292536 0.586374867920623 -0.11701203239629 1000 821 0.4105
78222 0.820919800682065 0.800367463947693 0.730624976883377 0.585466383188108 0.193486637242721 1000 786 0.393
64816 0.0948664842615058 0.069993220847103 0.680951608867102 0.578620247614893 -1.37830112684619 1000 868 0.434
119556 0.988569053101972 0.987280501294931 1.15301962419749 0.931223753565697 0.0153842154218271 1000 119 0.0595
12185 0.15901367440325 0.110845233613977 1.31687067245999 1.02753223840601 -1.61620528106413 1000 50 0.025
41021 0.863745596650833 0.846314385778293 1.0544075530697 0.82655774896604 -0.176214715701492 1000 263 0.1315
115944 0.174087470322528 0.140794749509814 1.14170659648978 0.972305555194499 1.45229999350233 1000 114 0.057
60896 0.237794573207391 0.192680897601988 0.742955983545828 0.610135243490459 1.01754555592456 1000 762 0.381
61416 0.00908563597090683 0.00416822716195075 1.15500288703253 0.957585182239002 2.80372109795853 1000 99 0.0495
42758 0.759869270455049 0.744784250478974 1.02698915219296 0.905429573901508 -0.309749653409292 1000 122 0.061
85954 0.253806148719271 0.207140923478084 1.04252168078629 0.853142937752447 1.16516257054054 1000 276 0.138
32764 0.696383203036595 0.661010795180035 0.683993562990672 0.54158677133668 -0.322716736490868 1000 850 0.425
72856 0.33307450034669 0.273573821657544 1.1816927549497 0.923584110639151 1.05220552063488 1000 153 0.0765
75088 0.516771898175537 0.477232176475446 1.16609238802163 0.970234956221608 -0.700103455977313 1000 60 0.03
24549 0.010424574650147 0.00377701156114064 1.09940348250669 0.859920767321268 -2.68570970206737 1000 234 0.117
121558 0.35585798988742 0.313836321995514 1.07586494827402 0.904055205629884 -0.957668720613858 1000 276 0.138
110113 0.77767276864809 0.761374841418983 1.17049016228318 1.01188773300621 0.305475548599999 1000 39 0.0195
63269 0.846708854814598 0.83126260478562 1.09852494948486 0.904201172674457 0.202619080910442 1000 109 0.0545
74818 0.925448591860159 0.921073316131761 1.17818949413649 1.05081358522703 -0.101567967585071 1000 55 0.0275
62970 0.284382477213728 0.243297138435831 0.987320541684474 0.831134014315752 -1.06371780258472 1000 331 0.1655
37852 0.282352503562201 0.236031760898617 1.15696213975765 0.952282976362826 -1.15634677264339 1000 120 0.06
27274 0.551670515118548 0.531689399403792 1.12046740364988 1.01497304694264 -0.630094098116773 1000 56 0.028
