CHR SNPID POS A1 A2 p.value p.value.NA Is.converge var1 var2 N AC AF
1 rs39331 39331 2 1 0.383106514322814 0.383106514322814 TRUE 0.0805926771904602 0.0846940560377194 1000 21 0.0105
1 rs10828 10828 2 1 0.887858420217594 0.887858420217594 TRUE 0.060075669677818 0.0636532993397076 1000 455 0.2275
1 rs116521 116521 2 1 0.194858223683422 0.194858223683422 TRUE 0.0561983317278806 0.05926653392281 1000 550 0.275
1 rs71563 71563 2 1 0.327203337927819 0.327203337927819 TRUE 0.0734235526693962 0.0782204726464367 1000 42 0.021
1 rs74636 74636 2 1 0.964107122062452 0.964107122062452 TRUE 0.0725235623937614 0.0772345419861964 1000 56 0.028
1 rs106002 106002 2 1 0.858002740300321 0.858002740300321 TRUE 0.0746545790376677 0.0783961101062241 1000 54 0.027
1 rs100354 100354 2 1 0.4500658855852 0.4500658855852 TRUE 0.0647870324447686 0.068592250774261 1000 237 0.1185
1 rs75094 75094 2 1 0.209797432095558 0.209797432095558 TRUE 0.048877437564697 0.0517315121147654 1000 735 0.3675
1 rs9935 9935 2 1 0.125511267990867 0.125511267990867 TRUE 0.0642697158792997 0.0680993649729207 1000 351 0.1755
1 rs87373 87373 2 1 0.775415481263475 0.775415481263475 TRUE 0.0731288845165635 0.0770064747241669 1000 162 0.081
1 rs88268 88268 2 1 0.279833472617129 0.279833472617129 TRUE 0.0762083556239876 0.0813682454575478 1000 148 0.074
1 rs59676 59676 2 1 0.800369166230552 0.800369166230552 TRUE 0.0720188779706034 0.0760521677837195 1000 37 0.0185
1 rs138439 138439 2 1 0.701264136690785 0.701264136690785 TRUE 0.0710763560664257 0.0750181775456795 1000 118 0.059
1 rs2462 2462 2 1 0.978845707473948 0.978845707473948 TRUE 0.0883953122317125 0.0947483920439463 1000 24 0.012
1 rs132214 132214 2 1 0.542072551985027 0.542072551985027 TRUE 0.0725785788026457 0.0767028373214972 1000 77 0.0385
1 rs47078 47078 2 1 0.880244216492559 0.880244216492559 TRUE 0.0386440654639782 0.0408015185477377 1000 946 0.473
1 rs88475 88475 2 1 0.35101030180791 0.35101030180791 TRUE 0.0795875305389341 0.0845186094698596 1000 65 0.0325
1 rs21254 21254 2 1 0.930866467192008 0.930866467192008 TRUE 0.0400283678434557 0.0424544782687779 1000 997 0.4985
1 rs30559 30559 2 1 0.822484478565803 0.822484478565803 TRUE 0.0665781821154379 0.0704151082145989 1000 156 0.078
1 rs70365 70365 2 1 0.189580828152143 0.189580828152143 TRUE 0.0778213724435782 0.0820257075999753 1000 71 0.0355
1 rs103660 103660 2 1 0.959888179950948 0.959888179950948 TRUE 0.0738930379541169 0.078446658352569 1000 83 0.0415
1 rs93785 93785 2 1 0.265620677310519 0.265620677310519 TRUE 0.0719594157659691 0.0764006589875236 1000 79 0.0395
1 rs47847 47847 2 1 0.731151462719141 0.731151462719141 TRUE 0.0457746783767402 0.0486663568268816 1000 859 0.4295
1 rs105889 105889 2 1 0.475350377887803 0.475350377887803 TRUE 0.0693774853955468 0.0734041896650288 1000 223 0.1115
1 rs71643 71643 2 1 0.91789631404947 0.91789631404947 TRUE 0.0550741042601964 0.0582666051745131 1000 545 0.2725
1 rs44406 44406 2 1 0.467768933738892 0.467768933738892 TRUE 0.0658592038799797 0.0691513660275355 1000 74 0.037
1 rs25368 25368 2 1 0.350134485213583 0.350134485213583 TRUE 0.0639067695763423 0.0674505667687661 1000 266 0.133
1 rs45009 45009 2 1 0.385686806599894 0.385686806599894 TRUE 0.0783635881489895 0.0822420357186379 1000 36 0.018
1 rs52186 52186 2 1 0.310913941659309 0.310913941659309 TRUE 0.0700027660639141 0.0737413499999715 1000 107 0.0535
1 rs87952 87952 2 1 0.985086779603227 0.985086779603227 TRUE 0.0717751805229544 0.0757086398842011 1000 117 0.0585
