CHR SNPID POS A1 A2 p.value p.value.NA Is.converge var1 var2 N AC AF
1 rs120704 120704 2 1 0.528955397503017 0.528955397503017 TRUE 0.0757058764948732 0.0789187813100803 980 30 0.0153061224489796
1 rs8010 8010 2 1 0.455413074775684 0.455413074775684 TRUE 0.0700606940453969 0.0725449473778106 980 74 0.0377551020408163
1 rs12262 12262 2 1 0.4145088111571 0.4145088111571 TRUE 0.0776051007780274 0.0813997173035921 980 58 0.0295918367346939
1 rs109888 109888 2 1 0.740572035369725 0.740572035369725 TRUE 0.0678041220389025 0.0705841486872456 980 252 0.128571428571429
1 rs120699 120699 2 1 0.849067596774358 0.849067596774358 TRUE 0.0425190956153444 0.0442617443339771 980 849 0.433163265306122
1 rs1690 1690 2 1 0.890586779671991 0.890586779671991 TRUE 0.073121686943248 0.0763556383870391 980 181 0.0923469387755102
1 rs20333 20333 2 1 0.0424757050286845 0.0425880584239208 TRUE 0.0587649282234966 0.0610524746668071 980 510 0.260204081632653
1 rs104354 104354 2 1 0.405795826846354 0.405795826846354 TRUE 0.0676320375596371 0.0699431582081723 980 25 0.0127551020408163
1 rs120137 120137 2 1 0.609046267401374 0.609046267401374 TRUE 0.0737999435291194 0.0768728733824935 980 139 0.0709183673469388
1 rs47165 47165 2 1 0.23447938175283 0.23447938175283 TRUE 0.0456019852585512 0.0474162003482439 980 780 0.397959183673469
1 rs119145 119145 2 1 0.244595477988047 0.244595477988047 TRUE 0.0643753421772069 0.0662806293232413 980 66 0.0336734693877551
1 rs13881 13881 2 1 0.930674968658625 0.930674968658625 TRUE 0.0658442379027546 0.0681518779093259 980 36 0.0183673469387755
1 rs88125 88125 2 1 0.372459449852282 0.372459449852282 TRUE 0.071239287119843 0.0741554507394956 980 285 0.145408163265306
1 rs109495 109495 2 1 0.894692294604212 0.894692294604212 TRUE 0.0721657480626388 0.074253137345122 980 25 0.0127551020408163
1 rs59614 59614 2 1 0.0257081153119687 0.0280962817787655 TRUE 0.0741120319612871 0.0776490298404641 980 37 0.0188775510204082
1 rs117255 117255 2 1 0.758126068564909 0.758126068564909 TRUE 0.0700684638196618 0.0729195671585173 980 162 0.0826530612244898
1 rs98130 98130 2 1 0.415941489624658 0.415941489624658 TRUE 0.0703837130350835 0.0727236012925579 980 41 0.0209183673469388
1 rs73710 73710 2 1 0.868121521650628 0.868121521650628 TRUE 0.0706380025592564 0.0736722228248172 980 153 0.0780612244897959
1 rs13401 13401 2 1 0.824243848347343 0.824243848347343 TRUE 0.0437913934381545 0.0456200367059959 980 934 0.476530612244898
1 rs110355 110355 2 1 0.0638826727996213 0.0638826727996213 TRUE 0.0713205411881234 0.0741089120508335 980 42 0.0214285714285714
1 rs5496 5496 2 1 0.0918360198669458 0.0918360198669458 TRUE 0.0855769168604645 0.0892535206143276 980 59 0.0301020408163265
1 rs118197 118197 2 1 0.495940317153279 0.495940317153279 TRUE 0.0761062082307974 0.0794013815975933 980 93 0.0474489795918367
1 rs32650 32650 2 1 0.629399795512121 0.629399795512121 TRUE 0.0741163722420864 0.0771316816356018 980 225 0.114795918367347
1 rs36772 36772 2 1 0.702654984709124 0.702654984709124 TRUE 0.0702392670901883 0.0731132342305263 980 166 0.0846938775510204
1 rs61749 61749 2 1 0.156532231114122 0.156532231114122 TRUE 0.0771359799540175 0.0803394210225722 980 77 0.0392857142857143
1 rs25489 25489 2 1 0.439207077444777 0.439207077444777 TRUE 0.0811412331082075 0.0844378328808316 980 58 0.0295918367346939
1 rs70985 70985 2 1 0.717726309670055 0.717726309670055 TRUE 0.0883839135624032 0.0918689854897023 980 48 0.0244897959183673
1 rs20554 20554 2 1 0.280778457532258 0.280778457532258 TRUE 0.0677254298420821 0.0700691520803786 980 73 0.0372448979591837
1 rs5358 5358 2 1 0.214154156070565 0.214154156070565 TRUE 0.0731743410455067 0.0761085723320376 980 226 0.11530612244898
1 rs89654 89654 2 1 0.498245097691327 0.498245097691327 TRUE 0.0773718274929056 0.0805617383860285 980 30 0.0153061224489796
