CHR SNPID POS A1 A2 p.value p.value.NA Is.converge var1 var2 N AC AF
1 rs95331 95331 2 1 0.149644427000413 0.149644427000413 TRUE 0.0718642941974804 0.0765142377381184 1000 74 0.037
1 rs45080 45080 2 1 0.40832417641892 0.40832417641892 TRUE 0.054711965666657 0.0580615769844194 1000 439 0.2195
1 rs130187 130187 2 1 0.250355134286892 0.250355134286892 TRUE 0.0964112936140547 0.104390584901991 1000 24 0.012
1 rs53279 53279 2 1 0.50502595750688 0.50502595750688 TRUE 0.078034607162264 0.0832636282082386 1000 46 0.023
1 rs149258 149258 2 1 0.436858069414607 0.436858069414607 TRUE 0.071994499267058 0.0767633375970808 1000 134 0.067
1 rs129846 129846 2 1 0.963208243825983 0.963208243825983 TRUE 0.0644160483158399 0.0683540442516463 1000 242 0.121
1 rs117945 117945 2 1 0.61039406776303 0.61039406776303 TRUE 0.0730493390179842 0.0772978638039548 1000 45 0.0225
1 rs72070 72070 2 1 0.248582346973856 0.248582346973856 TRUE 0.0646855968832861 0.0687667019895292 1000 108 0.054
1 rs52923 52923 2 1 0.22291031043493 0.22291031043493 TRUE 0.0376575927787695 0.0401559331325771 1000 998 0.499
1 rs122536 122536 2 1 0.730698630404069 0.730698630404069 TRUE 0.0383862800943982 0.040778083499149 1000 952 0.476
1 rs124508 124508 2 1 0.522772623604492 0.522772623604492 TRUE 0.0668125673972462 0.0709691590347177 1000 237 0.1185
1 rs77418 77418 2 1 0.881497766825687 0.881497766825687 TRUE 0.0410189274189432 0.0435561353479463 1000 929 0.4645
1 rs86745 86745 2 1 0.384970316670422 0.384970316670422 TRUE 0.0666954601835766 0.0709330097229039 1000 220 0.11
1 rs22699 22699 2 1 0.453889104154812 0.453889104154812 TRUE 0.0748224695473085 0.0799538224571481 1000 126 0.063
1 rs104471 104471 2 1 0.650223242842417 0.650223242842417 TRUE 0.0453875267453832 0.0483836500722021 1000 821 0.4105
1 rs76782 76782 2 1 0.886113820839599 0.886113820839599 TRUE 0.0435976375019265 0.04649306838823 1000 868 0.434
1 rs14820 14820 2 1 0.464348772706498 0.464348772706498 TRUE 0.076780170454788 0.0813954576779643 1000 50 0.025
1 rs134868 134868 2 1 0.679794141974767 0.679794141974767 TRUE 0.0810633990850486 0.086526392116473 1000 114 0.057
1 rs73016 73016 2 1 0.21280922682004 0.21280922682004 TRUE 0.0698242428547076 0.0740735786189221 1000 99 0.0495
1 rs100334 100334 2 1 0.915527273741597 0.915527273741597 TRUE 0.0639442836320057 0.0680662986075233 1000 276 0.138
1 rs86072 86072 2 1 0.909032245303773 0.909032245303773 TRUE 0.070305549355512 0.0746617052565197 1000 153 0.0765
1 rs29832 29832 2 1 0.620946835935892 0.620946835935892 TRUE 0.0650114479368908 0.0690864608537731 1000 234 0.117
1 rs128227 128227 2 1 0.157519641997755 0.157519641997755 TRUE 0.070590566298362 0.0747975572667593 1000 39 0.0195
1 rs88259 88259 2 1 0.837452056549289 0.837452056549289 TRUE 0.0652756925057098 0.0688718743595148 1000 55 0.0275
1 rs45093 45093 2 1 0.79350500175016 0.79350500175016 TRUE 0.0642118404149797 0.0682305010147388 1000 120 0.06
1 rs143010 143010 2 1 0.290174597458274 0.290174597458274 TRUE 0.0809643905689669 0.0863749915436588 1000 40 0.02
1 rs55832 55832 2 1 0.144061258081815 0.144061258081815 TRUE 0.0576593691335711 0.0610058925452014 1000 420 0.21
1 rs16512 16512 2 1 0.449855675838531 0.449855675838531 TRUE 0.0654556689144708 0.068756644112191 1000 25 0.0125
1 rs68153 68153 2 1 0.846526494647971 0.846526494647971 TRUE 0.0982066391797202 0.104965272358531 1000 25 0.0125
1 rs93038 93038 2 1 0.874461132252557 0.874461132252557 TRUE 0.0676533664178654 0.0712250115050565 1000 27 0.0135
