markerIndex p.value p.value.NA var1 var2 Tv1 N AC AF
81310 0.221043799676383 0.179630707696599 1.14305593770995 0.950653664214312 1.3083653522144 1000 74 0.037
111416 0.88877047101059 0.880806630528577 1.06930574922358 0.930284785990999 -0.14462554388422 1000 199 0.0995
37839 0.822992869924436 0.801775768885102 0.929361993745896 0.7378825559629 -0.215651825629462 1000 439 0.2195
44248 0.421948863577145 0.377576867621074 0.673173793302609 0.557577765042452 0.658875491771517 1000 948 0.474
111799 0.257251045180073 0.196323566211384 1.25628989824255 0.965811358759829 -1.26981736356756 1000 24 0.012
70674 0.56060070867739 0.508221958690356 1.17638893853994 0.910162511127739 -0.631190934336008 1000 87 0.0435
44844 0.780757878399465 0.762582101537004 1.22556478962267 1.04035909566385 0.308127554197214 1000 46 0.023
90717 0.174062322150369 0.135736036389612 1.20208291640808 0.99790130091667 1.49029298782138 1000 62 0.031
128241 0.20476914811026 0.157993810155761 1.14749298474029 0.925690924066463 -1.358381936593 1000 134 0.067
24347 0.952210275953416 0.947664839013967 1.11066677014239 0.925895527821226 0.0631606032617134 1000 74 0.037
111467 0.133813143428852 0.0926733337849791 1.08664017729997 0.86387390476745 1.56283119697793 1000 242 0.121
12435 0.706608096063584 0.671348716956384 1.07987880767495 0.849901194821184 -0.391160413616249 1000 252 0.126
101559 0.460623184815745 0.415818063907209 1.21509548887962 0.999047597175795 0.813310277545557 1000 45 0.0225
107454 0.974898163288037 0.972773913454137 0.979897757752731 0.832906078310731 -0.0311478074219 1000 317 0.1585
60569 0.680389625075589 0.640893895855069 1.14314159482213 0.891540492211048 -0.440428106859739 1000 108 0.054
75866 0.109399462556386 0.0732386969493473 0.85026838280186 0.679089892461108 -1.47618823072151 1000 589 0.2945
44558 0.848947426678213 0.834715003345061 0.584871897649135 0.487308908242089 -0.145659165872589 1000 998 0.499
14763 0.2574128801772 0.192339786997021 1.25839089392744 0.949653310957551 -1.27044656216831 1000 106 0.053
105100 0.446679517356361 0.397539250845422 0.630156524651333 0.509811103701085 0.604070218508707 1000 952 0.476
116280 0.966496304429688 0.96369361759331 0.73451178703955 0.625422793344372 -0.035998111922523 1000 737 0.3685
106706 0.373610931943664 0.333008465878702 1.08898105835556 0.919859462530985 0.928471016594078 1000 237 0.1185
3008 0.940329704398402 0.935206994775928 1.11667546882586 0.946763809477819 -0.0791019241054669 1000 95 0.0475
65323 0.966817347849209 0.962852743403465 0.677102207262397 0.540206065361849 -0.0342313003500013 1000 929 0.4645
92338 0.644966523021551 0.61855009318023 1.07480690976006 0.92044110657549 0.477689413143025 1000 205 0.1025
73469 0.843652969410736 0.821398613770295 1.14040477916471 0.87042744044787 0.210614008091337 1000 220 0.11
35435 0.502474585290302 0.481500012724522 1.08448985095925 0.984333147374992 -0.698356380444977 1000 53 0.0265
18300 0.121021229903908 0.0955019479229334 1.11763749021391 0.966810627176982 -1.63916483735629 1000 126 0.063
39608 0.679530575978608 0.647547565623455 1.08845966280461 0.888734052059877 0.43098816484589 1000 206 0.103
89691 0.876993136725999 0.862905983749658 0.729791636506041 0.586374867920623 -0.132226973169379 1000 821 0.4105
78222 0.818085409806507 0.796575151145822 0.735394853664423 0.585466383188107 0.197243901081308 1000 786 0.393
64816 0.095131468367345 0.069474915377224 0.684579373419667 0.578620247614894 -1.38086030048231 1000 868 0.434
119556 0.985000871125101 0.983266825895452 1.15902057815383 0.931223753565697 0.0202393765336725 1000 119 0.0595
12185 0.153622850495993 0.105281346698822 1.32417621169499 1.02753223840601 -1.64191817904609 1000 50 0.025
41021 0.871893566232679 0.855118391910556 1.05978013096923 0.82655774896604 -0.166003654631426 1000 263 0.1315
115944 0.170881820676759 0.136758212388383 1.14801378784527 0.972305555194498 1.46722329973114 1000 114 0.057
60896 0.232046128769728 0.185956762482176 0.747298796641073 0.610135243490459 1.03312552869666 1000 762 0.381
61416 0.00914937628371816 0.00411438493218727 1.16045074568011 0.957585182239002 2.80774734032923 1000 99 0.0495
42758 0.763575073210124 0.748249748527713 1.03085854072743 0.905429573901508 -0.305395124520663 1000 122 0.061
85954 0.265659400081703 0.217155863248211 1.0487248524346 0.853142937752447 1.13990980702912 1000 276 0.138
32764 0.685236059342297 0.648000587818467 0.687091240204893 0.54158677133668 -0.335980713686747 1000 850 0.425
72856 0.339176637395658 0.278330103063091 1.1881456711889 0.92358411063915 1.04183479968257 1000 153 0.0765
75088 0.510160227755139 0.469131872758727 1.17218694973455 0.970234956221608 -0.713037549634912 1000 60 0.03
24549 0.0107635695260115 0.00382109848744482 1.10623707760979 0.859920767321268 -2.68233105400865 1000 234 0.117
121558 0.359011478676021 0.315621841920572 1.08205681790076 0.904055205629884 -0.954141771998935 1000 276 0.138
110113 0.775820701807779 0.758811900042099 1.17635650814226 1.01188773300621 0.308860969054578 1000 39 0.0195
63269 0.836167623558108 0.819134686046405 1.10546627138764 0.904201172674457 0.217429800801928 1000 109 0.0545
74818 0.922758896122424 0.918046131521803 1.183420715486 1.05081358522703 -0.105477065604852 1000 55 0.0275
62970 0.285292508330122 0.243003920618699 0.9922924589212 0.831134014315752 -1.06437985352716 1000 331 0.1655
37852 0.274809813689883 0.22723857209824 1.16427316051294 0.952282976362826 -1.17834144318405 1000 120 0.06
27274 0.551315282499894 0.52996854945929 1.12787655079749 1.01497304694264 -0.63273849602133 1000 56 0.028
