markerIndex p.value p.value.NA var1 var2 Tv1 N AC AF
148 0.731027745165849 0.730781215755738 1.42664598729414 1.42392901579785 0.41059327910351 1000 15 0.0075
7881 0.746693482886737 0.746971112535786 1.24289365695529 1.24571953412435 -0.360099593717004 1000 19 0.0095
4306 0.841507384213723 0.841444660128286 1.32589831882345 1.32483539020064 -0.230255853916478 1000 13 0.0065
1447 0.057167784502687 0.0567547329289609 1.30231905189803 1.29798998948137 -2.17057649526314 1000 18 0.009
4587 0.962026238009344 0.961938258282838 1.35543966482132 1.3491759772216 0.0554303614040621 1000 13 0.0065
719 0.7562826047432 0.756363832404131 1.2567800992152 1.2576456911255 0.347939602845085 1000 11 0.0055
4077 0.440375675637541 0.441714278648524 1.28852157114117 1.29609450323562 0.87582024240118 1000 17 0.0085
1629 0.804286224645012 0.804170328661438 1.35482594358517 1.35318956940502 -0.288436150907877 1000 11 0.0055
33259 0.693526757643807 0.694568830427747 1.32051488651123 1.3300229625708 -0.45284430259628 1000 20 0.01
3510 0.129600236435148 0.131635607031498 1.39740455571228 1.41226785168414 1.79171386678624 1000 17 0.0085
4902 0.612823969378209 0.614532721412027 1.19056935955237 1.20209896479242 -0.552163661328091 1000 13 0.0065
2782 0.544696860046768 0.545276878867974 1.29835132786569 1.30210231267377 -0.690195579162335 1000 13 0.0065
3525 0.742461614866275 0.742601862940387 1.36015898455851 1.36169613478885 0.383227053830605 1000 16 0.008
73745 0.14410329659179 0.145218033458504 1.27308600572053 1.28017185894517 1.64810143374136 1000 20 0.01
474 0.1416783538429 0.14374926320339 1.30458135290978 1.31817845988315 -1.67851701522115 1000 12 0.006
5741 0.774801185867266 0.774663513231399 1.41476891001926 1.41299275530379 0.340299488799894 1000 12 0.006
7503 0.225988340459206 0.22959953198176 1.13231729411748 1.15004199123494 -1.2883719310024 1000 17 0.0085
40488 0.648902088042479 0.649407346847493 1.28031463125132 1.28427360447286 -0.515162827858248 1000 20 0.01
1021 0.714213337588092 0.714236452979566 1.27668556554322 1.27690160146617 -0.413775045374986 1000 18 0.009
3371 0.20805653975409 0.209467115939299 1.19464207709752 1.20206944600168 1.37600371032951 1000 11 0.0055
5348 0.0321470048976754 0.0323867457732578 1.46337482185382 1.46744503462067 -2.59187717004134 1000 15 0.0075
964 0.685445572514326 0.685845900832999 1.13159638258708 1.13464533087717 0.430871123689934 1000 14 0.007
4600 0.259164664512591 0.261274387893832 1.25728064533839 1.26846051185502 -1.26522207125984 1000 20 0.01
275 0.72377712951437 0.726122835677366 1.0340115379401 1.05255887285764 -0.359375130091701 1000 16 0.008
91046 0.843490607340636 0.844956772887007 1.14496701570826 1.16700903944869 0.211256894747714 1000 20 0.01
110409 0.00455542465503786 0.00453231188850656 1.26376666516767 1.26232125665079 -3.18916565768875 1000 20 0.01
61810 0.789413719378452 0.788373992984912 1.28826335663868 1.2753313040685 -0.303131241853764 1000 20 0.01
7706 0.578069198872378 0.575070501090397 1.18375413505224 1.16527692164168 -0.605156054274921 1000 12 0.006
5578 0.154822828194583 0.156830315659984 1.20202507591972 1.21374979267837 -1.55980541697071 1000 14 0.007
6792 0.0882988997813799 0.0869280134281152 1.09232321053437 1.08291260440828 1.78138307355778 1000 16 0.008
65898 0.508106030741423 0.510816607119788 0.814465264992801 0.824960059969067 -0.597250145328731 1000 599 0.2995
49010 0.726336806456872 0.726799236439094 1.12789491603475 1.13187631248482 0.371711066298083 1000 92 0.046
1918 0.466159995412662 0.470477113849155 1.11882855213745 1.14075709860586 0.770823744672164 1000 47 0.0235
4865 0.821132497703109 0.822103858881623 1.20814888151999 1.22160626766057 0.248507170984475 1000 59 0.0295
71733 0.652875815562403 0.65477049706116 0.873300509176385 0.883587456068986 -0.420313150678688 1000 593 0.2965
13152 0.742028140633095 0.743646072923668 1.18252317675708 1.19804948438425 -0.357950877210038 1000 46 0.023
85900 0.750822311867029 0.751843940430746 1.12542897887413 1.13503304706398 0.33688243311206 1000 151 0.0755
71724 0.225825341359927 0.230751776245932 1.15169464812371 1.17634675770679 1.29980552975063 1000 62 0.031
91303 0.816946073471934 0.817506187296565 1.10608751438839 1.11301034556745 0.2434435036639 1000 135 0.0675
5865 0.434846539504102 0.43613727334289 1.18857638394505 1.1952787908961 0.851379010018373 1000 38 0.019
98610 0.0717766413601558 0.0727562443620131 1.12837006142714 1.13615022470127 1.9126111082256 1000 226 0.113
4451 0.467781400287716 0.467346395358232 1.26272800969736 1.26026276857191 0.815919866865333 1000 39 0.0195
27399 0.49157489163936 0.495900262289914 1.16959045888654 1.19324505094118 0.743845832550167 1000 95 0.0475
4355 0.961768137130521 0.961925992955587 1.28736998238531 1.29807524746598 0.0543880363300908 1000 43 0.0215
38525 0.799754474066222 0.800807667375783 1.31164704243994 1.32585603812438 0.29051517517434 1000 56 0.028
20810 0.73468976174699 0.736638614462249 1.28612646332228 1.30597969082878 0.384330999797031 1000 22 0.011
43893 0.845176595421447 0.845853098441279 1.13945098360496 1.14960270407715 -0.208447896011072 1000 142 0.071
75903 0.621669372659523 0.62331523145818 0.965359162431955 0.974534276268165 -0.484863084132336 1000 427 0.2135
70728 0.299700073068719 0.299881376693921 1.14657609577137 1.14743667961538 -1.11048412537388 1000 29 0.0145
9228 0.779748229669703 0.780415554363603 0.949662740714144 0.955596696411365 -0.272517939290786 1000 382 0.191
85653 0.433266607101425 0.4352739880258 1.12669541325636 1.13658161956792 -0.831774265079442 1000 30 0.015
29131 0.0195561417712465 0.0202291050907039 0.769757350628765 0.778190651553516 2.04841773117455 1000 774 0.387
8023 0.0292225329469945 0.0296820531266254 1.15310229786212 1.15964948044515 2.34144695428942 1000 93 0.0465
47307 0.303389490335085 0.306171916059656 1.16411921478299 1.17759198559731 -1.11044001705043 1000 117 0.0585
87694 0.445031052043981 0.446878423127502 1.16465257126847 1.17415192797509 -0.824205076989192 1000 36 0.018
43046 0.554952004670454 0.556249902243548 1.0072810681713 1.01391756630514 -0.592501310345876 1000 316 0.158
83088 0.54411681072945 0.543879909867995 1.15685386721783 1.155493678815 -0.652440954800463 1000 58 0.029
83632 0.0616745654604886 0.0632528364007762 1.27136814205263 1.28677174403275 -2.1069709662957 1000 59 0.0295
78880 0.75780089277637 0.758785785053236 1.20839538869595 1.21860287948298 0.338981885924734 1000 106 0.053
36790 0.0237354285906519 0.0244962046375391 1.14231969160558 1.15467253969029 2.4169537125034 1000 137 0.0685
