CHR SNPID POS A1 A2 p.value p.value.NA Is.converge var1 var2 N AC AF
1 rs95331 95331 2 1 0.149644560974044 0.149644560974044 TRUE 0.0718642676432504 0.0765150183520246 1000 74 0.037
1 rs45080 45080 2 1 0.408324584254575 0.408324584254575 TRUE 0.0547119495992721 0.0580627945832921 1000 439 0.2195
1 rs130187 130187 2 1 0.250355013788123 0.250355013788123 TRUE 0.0964112392829954 0.1043935621397 1000 24 0.012
1 rs53279 53279 2 1 0.505026290699614 0.505026290699614 TRUE 0.0780345496033805 0.0832649022770086 1000 46 0.023
1 rs149258 149258 2 1 0.43685870396698 0.43685870396698 TRUE 0.0719944688209965 0.0767643870548028 1000 134 0.067
1 rs129846 129846 2 1 0.963209566454397 0.963209566454397 TRUE 0.0644160356914547 0.0683552903436666 1000 242 0.121
1 rs117945 117945 2 1 0.610393737637302 0.610393737637302 TRUE 0.0730493481734783 0.0773004301016559 1000 45 0.0225
1 rs72070 72070 2 1 0.24858257522528 0.24858257522528 TRUE 0.0646855541519907 0.0687700020436668 1000 108 0.054
1 rs52923 52923 2 1 0.222910567827506 0.222910567827506 TRUE 0.0376575732693767 0.0401588313560101 1000 998 0.499
1 rs122536 122536 2 1 0.730697912198964 0.730697912198964 TRUE 0.0383862649621454 0.0407794616327874 1000 952 0.476
1 rs124508 124508 2 1 0.522773179424226 0.522773179424226 TRUE 0.0668125558187629 0.070971175537102 1000 237 0.1185
1 rs77418 77418 2 1 0.881497647894857 0.881497647894857 TRUE 0.0410189106767229 0.0435564325228317 1000 929 0.4645
1 rs86745 86745 2 1 0.384970446629244 0.384970446629244 TRUE 0.0666954174427641 0.0709340535720401 1000 220 0.11
1 rs22699 22699 2 1 0.45389022800247 0.45389022800247 TRUE 0.0748224015490661 0.0799571994511527 1000 126 0.063
1 rs104471 104471 2 1 0.650223235935304 0.650223235935304 TRUE 0.0453875034984614 0.0483837901948124 1000 821 0.4105
1 rs76782 76782 2 1 0.886113807921292 0.886113807921292 TRUE 0.0435976151352408 0.0464935815753257 1000 868 0.434
1 rs14820 14820 2 1 0.464348915333818 0.464348915333818 TRUE 0.0767801664954654 0.0813982089623392 1000 50 0.025
1 rs134868 134868 2 1 0.679794635952862 0.679794635952862 TRUE 0.0810633523052533 0.0865278217486638 1000 114 0.057
1 rs73016 73016 2 1 0.212808557852607 0.212808557852607 TRUE 0.0698242221935078 0.0740792672951837 1000 99 0.0495
1 rs100334 100334 2 1 0.915527727182433 0.915527727182433 TRUE 0.0639442530426556 0.0680669874571892 1000 276 0.138
1 rs86072 86072 2 1 0.9090320836032 0.9090320836032 TRUE 0.0703055047454557 0.0746620984896914 1000 153 0.0765
1 rs29832 29832 2 1 0.620947485601067 0.620947485601067 TRUE 0.0650114326341806 0.0690876779038967 1000 234 0.117
1 rs128227 128227 2 1 0.157519734801091 0.157519734801091 TRUE 0.0705905173034361 0.0748030281845184 1000 39 0.0195
1 rs88259 88259 2 1 0.837451411651228 0.837451411651228 TRUE 0.0652756845245822 0.0688728445791474 1000 55 0.0275
1 rs45093 45093 2 1 0.793504187261519 0.793504187261519 TRUE 0.0642118331555346 0.0682346903524129 1000 120 0.06
1 rs143010 143010 2 1 0.290175495136408 0.290175495136408 TRUE 0.0809644147068788 0.0863820692522548 1000 40 0.02
1 rs55832 55832 2 1 0.144061544018516 0.144061544018516 TRUE 0.0576593527680118 0.0610082717677045 1000 420 0.21
1 rs16512 16512 2 1 0.449855808355608 0.449855808355608 TRUE 0.0654556320199064 0.0687577631103857 1000 25 0.0125
1 rs68153 68153 2 1 0.846526768950921 0.846526768950921 TRUE 0.0982065586604865 0.104968102148806 1000 25 0.0125
1 rs93038 93038 2 1 0.874461470739707 0.874461470739707 TRUE 0.0676533534911282 0.0712256676995511 1000 27 0.0135
