CHR SNPID POS A1 A2 p.value p.value.NA Is.converge var1 var2 N AC AF
1 rs95331 95331 2 1 0.150524705066722 0.150524705066722 TRUE 0.0722814715868694 0.0767175631549242 1000 74 0.037
1 rs45080 45080 2 1 0.407776312050699 0.407776312050699 TRUE 0.054973153087942 0.058176492012092 1000 439 0.2195
1 rs130187 130187 2 1 0.252450443830003 0.252450443830003 TRUE 0.0982647100554249 0.106239165539808 1000 24 0.012
1 rs53279 53279 2 1 0.503726989351209 0.503726989351209 TRUE 0.0785568085606241 0.0835645018959522 1000 46 0.023
1 rs149258 149258 2 1 0.435965141276516 0.435965141276516 TRUE 0.0723458000986628 0.0768863276669927 1000 134 0.067
1 rs129846 129846 2 1 0.962044553616444 0.962044553616444 TRUE 0.0647379414194313 0.0685182059435897 1000 242 0.121
1 rs117945 117945 2 1 0.610928442426473 0.610928442426473 TRUE 0.0735272713323085 0.0776201174417145 1000 45 0.0225
1 rs72070 72070 2 1 0.248351180382862 0.248351180382862 TRUE 0.0650933766074365 0.0690149975926687 1000 108 0.054
1 rs52923 52923 2 1 0.222202306383106 0.222202306383106 TRUE 0.0378712951212544 0.0402799955060353 1000 998 0.499
1 rs122536 122536 2 1 0.732667757666832 0.732667757666832 TRUE 0.0385683357098463 0.0408496290677388 1000 952 0.476
1 rs124508 124508 2 1 0.525033009729647 0.525033009729647 TRUE 0.0673694821520403 0.0714310210570345 1000 237 0.1185
1 rs77418 77418 2 1 0.882943365530432 0.882943365530432 TRUE 0.0412410686761008 0.0436606771929714 1000 929 0.4645
1 rs86745 86745 2 1 0.385438618959847 0.385438618959847 TRUE 0.067071162288084 0.071117363799127 1000 220 0.11
1 rs22699 22699 2 1 0.452056418294886 0.452056418294886 TRUE 0.0753369998595073 0.0802467228536214 1000 126 0.063
1 rs104471 104471 2 1 0.650514304045012 0.650514304045012 TRUE 0.0458377382662599 0.0487136864571607 1000 821 0.4105
1 rs76782 76782 2 1 0.885202055772962 0.885202055772962 TRUE 0.0439935944178118 0.0467798963557549 1000 868 0.434
1 rs14820 14820 2 1 0.464598308834331 0.464598308834331 TRUE 0.0771817072845753 0.0815891184160403 1000 50 0.025
1 rs134868 134868 2 1 0.679510137978471 0.679510137978471 TRUE 0.0814821934663928 0.0867278401645907 1000 114 0.057
1 rs73016 73016 2 1 0.215826282002817 0.215826282002817 TRUE 0.0704942651059774 0.0746289192192876 1000 99 0.0495
1 rs100334 100334 2 1 0.915419923412507 0.915419923412507 TRUE 0.0643831164857695 0.0683252667659342 1000 276 0.138
1 rs86072 86072 2 1 0.910258418460308 0.910258418460308 TRUE 0.0708304812358219 0.0749923291997864 1000 153 0.0765
1 rs29832 29832 2 1 0.62061674933278 0.62061674933278 TRUE 0.0653131641850104 0.0691886086254606 1000 234 0.117
1 rs128227 128227 2 1 0.158038238910843 0.158038238910843 TRUE 0.0712636093082984 0.0753320164253534 1000 39 0.0195
1 rs88259 88259 2 1 0.836189472685187 0.836189472685187 TRUE 0.0659228178580387 0.0694936721048732 1000 55 0.0275
1 rs45093 45093 2 1 0.797514513138609 0.797514513138609 TRUE 0.0650781736203249 0.069047183911239 1000 120 0.06
1 rs143010 143010 2 1 0.289021659855069 0.289021659855069 TRUE 0.0812804124536675 0.0864235888723083 1000 40 0.02
1 rs55832 55832 2 1 0.144402765850402 0.144402765850402 TRUE 0.0582140060175688 0.061456729858481 1000 420 0.21
1 rs16512 16512 2 1 0.44965234562405 0.44965234562405 TRUE 0.0665067831030875 0.0697535783168673 1000 25 0.0125
1 rs68153 68153 2 1 0.848955311985948 0.848955311985948 TRUE 0.0989217934004424 0.105572786399995 1000 25 0.0125
1 rs93038 93038 2 1 0.871343739442593 0.871343739442593 TRUE 0.0683051151732636 0.0717636294089789 1000 27 0.0135
