CHR	POS	MarkerID	Allele1	Allele2	AC_Allele2	AF_Allele2	MissingRate	BETA	SE	Tstat	var	p.value	p.value.NA	Is.SPA.converge	AF_case	AF_ctrl	N_case	N_ctrl	N_case_hom	N_case_het	N_ctrl_hom	N_ctrl_het
1	4	rs4	A	C	20	0.01	0	-0.145552407791009	0.774596524407234	-0.24258743703644	1.66666728993421	0.8509493	0.8509493	FALSE	0.0102040816326531	0.00997782705099778	98	902	0	2	0	18
1	12	rs12	A	C	30	0.015	0	-0.0966109262958756	0.656210032951111	-0.224357459594245	2.32227831981592	0.8829539	0.8829539	FALSE	0.0153061224489796	0.0149667405764967	98	902	0	3	0	27
1	14	rs14	A	C	75	0.0375	0	-0.0758657404668925	0.429638122143098	-0.410998353050887	5.41744337459205	0.8598379	0.8598379	FALSE	0.0306122448979592	0.0382483370288248	98	902	1	4	2	65
1	15	rs15	A	C	244	0.122	0	-0.281098065084029	0.246946556044974	-4.60947972001896	16.3981197047409	0.2549973	0.2549973	FALSE	0.0969387755102041	0.124722838137472	98	902	2	15	12	201
1	20	rs20	A	C	762	0.381	0	-0.000828613423464075	0.165052170522678	-0.0304165172315463	36.7077292863395	0.9959944	0.9959944	FALSE	0.36734693877551	0.382483370288248	98	902	14	44	128	434
1	22	rs22	A	C	459	0.2295	0	0.0104611447790504	0.185152722499943	0.305153958442416	29.1702260973886	0.9549434	0.9549434	FALSE	0.255102040816327	0.226718403547672	98	902	7	36	43	323
1	23	rs23	A	C	607	0.3035	0	-0.43875532808579	0.174287332822138	-14.4689873180726	32.977348403262	0.0118216059434218	0.01174908	TRUE	0.229591836734694	0.311529933481153	98	902	5	35	93	376
1	26	rs26	A	C	996	0.498	0	0.292762306423641	0.163374041530628	10.9685458376634	37.4657037364347	0.07313686	0.07313686	FALSE	0.561224489795918	0.491130820399113	98	902	30	50	212	462
1	27	rs27	A	C	234	0.117	0	-0.223602502514083	0.257666901880608	-3.36790155541621	15.0620029630665	0.3855056	0.3855056	FALSE	0.102040816326531	0.118625277161863	98	902	0	20	10	194
1	29	rs29	A	C	531	0.2655	0	-0.167190281938503	0.186321852036997	-4.8159663667745	28.8053008281064	0.3695483	0.3695483	FALSE	0.219387755102041	0.270509977827051	98	902	5	33	64	360
1	30	rs30	A	C	351	0.1755	0	-0.150454975632333	0.208533223898064	-3.45984019512809	22.9958509553244	0.4706071	0.4706071	FALSE	0.147959183673469	0.178492239467849	98	902	5	19	34	254
1	37	rs37	A	C	34	0.017	0	-0.39865156358584	0.668003517346063	-0.893379480773906	2.24100332816464	0.5506538	0.5506538	FALSE	0.0102040816326531	0.0177383592017738	98	902	0	2	0	32
1	38	rs38	A	C	102	0.051	0	0.964140951515402	0.379193895116918	6.72596716340962	6.97612434451414	0.0110028990262317	0.0108802	TRUE	0.0816326530612245	0.0476718403547672	98	902	0	16	2	82
1	48	rs48	A	C	580	0.29	0	-0.270061226082794	0.178174091480079	-8.5069352863267	31.5000246785471	0.1295913	0.1295913	FALSE	0.239795918367347	0.295454545454545	98	902	3	41	85	363
1	50	rs50	A	C	145	0.0725	0	-0.109834330590856	0.30896951761975	-1.15055355282541	10.4753545329223	0.7222255	0.7222255	FALSE	0.0612244897959184	0.0737250554323725	98	902	0	12	9	115
1	54	rs54	A	C	216	0.108	0	-0.396070469595426	0.26931632440576	-5.46068476172558	13.787154511427	0.1413854	0.1413854	FALSE	0.076530612244898	0.111419068736142	98	902	0	15	9	183
1	57	rs57	A	C	366	0.183	0	-0.249821381281552	0.206936026970933	-5.83387866027703	23.3521992006848	0.2273399	0.2273399	FALSE	0.158163265306122	0.18569844789357	98	902	0	31	38	259
1	64	rs64	A	C	869	0.4345	0	0.219570049442783	0.158059842224326	8.78880869816392	40.0273567386256	0.1647848	0.1647848	FALSE	0.489795918367347	0.428492239467849	98	902	24	48	175	423
1	66	rs66	A	C	567	0.2835	0	0.122479482171702	0.17347254464202	4.07006966904321	33.2306244023586	0.4801599	0.4801599	FALSE	0.301020408163265	0.28159645232816	98	902	15	29	71	366
1	68	rs68	A	C	545	0.2725	0	-0.00519383855421934	0.181585045357013	-0.157517310592467	30.3277256210639	0.9771814	0.9771814	FALSE	0.270408163265306	0.272727272727273	98	902	9	35	64	364
1	71	rs71	A	C	45	0.0225	0	0.279374719465146	0.526784165783754	1.00675009597332	3.60358338041722	0.5958762	0.5958762	FALSE	0.0306122448979592	0.0216186252771619	98	902	0	6	0	39
1	75	rs75	A	C	60	0.03	0	-0.0920584126814489	0.446341033851398	-0.462093492143795	5.01956832280808	0.8365946	0.8365946	FALSE	0.0306122448979592	0.0299334811529933	98	902	0	6	2	50
1	79	rs79	A	C	22	0.011	0	0.332669889303116	0.74693219391535	0.596281227033392	1.79241117458059	0.656044	0.656044	FALSE	0.0153061224489796	0.0105321507760532	98	902	0	3	0	19
1	81	rs81	A	C	314	0.157	0	0.206111830586633	0.218741290199087	4.3076596456007	20.899623439083	0.346058	0.346058	FALSE	0.178571428571429	0.154656319290466	98	902	5	25	20	239
1	83	rs83	A	C	48	0.024	0	-1.00802829078901	0.541789929204281	-3.43408360989474	3.40673336380945	0.06280748	0.06280748	FALSE	0.00510204081632653	0.0260532150776053	98	902	0	1	0	47
1	86	rs86	A	C	304	0.152	0	0.219771880375047	0.226893005845487	4.26903688114281	19.4248548715949	0.3327375	0.3327375	FALSE	0.178571428571429	0.149113082039911	98	902	4	27	15	239
1	90	rs90	A	C	135	0.0675	0	-0.000807701602159053	0.309135289487007	-0.00845188879789322	10.4641228583683	0.9979153	0.9979153	FALSE	0.0663265306122449	0.0676274944567627	98	902	2	9	6	110
1	92	rs92	A	C	217	0.1085	0	-0.249491130281855	0.253462848883961	-3.88352841008513	15.5657974922709	0.3249532	0.3249532	FALSE	0.0918367346938776	0.110310421286031	98	902	3	12	10	179
1	94	rs94	A	C	699	0.3495	0	-0.0572424069677683	0.168865893591556	-2.00740037960442	35.0684131911981	0.7346237	0.7346237	FALSE	0.341836734693878	0.350332594235033	98	902	10	47	109	414
1	96	rs96	A	C	219	0.1095	0	0.33940751029377	0.254432619940678	5.24295183555554	15.4473654133863	0.1822111	0.1822111	FALSE	0.137755102040816	0.106430155210643	98	902	1	25	12	168
1	97	rs97	A	C	801	0.4005	0	-0.285012809565648	0.16565780156099	-10.3858152355151	36.4398191482789	0.08534317	0.08534317	FALSE	0.346938775510204	0.406319290465632	98	902	10	48	148	437
1	99	rs99	A	C	284	0.142	0	-0.469401583925177	0.238723282596225	-8.23673313631216	17.547305800368	0.04926397	0.04926397	FALSE	0.0918367346938776	0.147450110864745	98	902	0	18	17	232
