CHR	POS	MarkerID	Allele1	Allele2	AC_Allele2	AF_Allele2	MissingRate	BETA	SE	Tstat	var	p.value	p.value.NA	Is.SPA.converge	AF_case	AF_ctrl	N_case	N_ctrl
1	4	rs4	A	C	20	0.01	0	-0.1455528319061	0.77459633546525	-0.242588262240936	1.66666810301181	0.8509488	0.8509488	FALSE	0.0102040816326531	0.00997782705099778	98	902
1	12	rs12	A	C	30	0.015	0	-0.0966108698214879	0.656209937644666	-0.224357393615304	2.32227899438085	0.882954	0.882954	FALSE	0.0153061224489796	0.0149667405764967	98	902
1	14	rs14	A	C	75	0.0375	0	-0.0758657838844129	0.429638045100638	-0.410998735662943	5.4174453174982	0.8598378	0.8598378	FALSE	0.0306122448979592	0.0382483370288248	98	902
1	15	rs15	A	C	244	0.122	0	-0.28109811436642	0.246946512933617	-4.60948213758278	16.3981254302339	0.2549971	0.2549971	FALSE	0.0969387755102041	0.124722838137472	98	902
1	20	rs20	A	C	762	0.381	0	-0.000828626854111703	0.165052147916915	-0.0304170185720329	36.7077393414195	0.9959943	0.9959943	FALSE	0.36734693877551	0.382483370288248	98	902
1	22	rs22	A	C	459	0.2295	0	0.0104610782283567	0.185152695563525	0.305152105932004	29.1702345848856	0.9549437	0.9549437	FALSE	0.255102040816327	0.226718403547672	98	902
1	23	rs23	A	C	607	0.3035	0	-0.458359493139215	0.181860592902644	-14.4689896566987	32.9773580412486	0.0118216046089767	0.01174908	TRUE	0.229591836734694	0.311529933481153	98	902
1	26	rs26	A	C	996	0.498	0	0.296997285364808	0.159437509778735	10.9685508716417	37.4657138574389	0.07313677	0.07313677	FALSE	0.561224489795918	0.491130820399113	98	902
1	27	rs27	A	C	234	0.117	0	-0.223602428272435	0.257666865693876	-3.36790138316417	15.0620071936819	0.3855057	0.3855057	FALSE	0.102040816326531	0.118625277161863	98	902
1	29	rs29	A	C	531	0.2655	0	-0.167190262848265	0.186321828067685	-4.81596705597129	28.8053082394043	0.3695483	0.3695483	FALSE	0.219387755102041	0.270509977827051	98	902
1	30	rs30	A	C	351	0.1755	0	-0.150454959820524	0.208533193463479	-3.45984084142172	22.9958576676298	0.4706071	0.4706071	FALSE	0.147959183673469	0.178492239467849	98	902
1	37	rs37	A	C	34	0.017	0	-0.398651477780434	0.668003412964854	-0.893379567679938	2.24100402851632	0.5506539	0.5506539	FALSE	0.0102040816326531	0.0177383592017738	98	902
1	38	rs38	A	C	102	0.051	0	0.812515347995991	0.295144735589937	6.72596872290786	6.97612569639973	0.0110028889572178	0.01088019	TRUE	0.0816326530612245	0.0476718403547672	98	902
1	48	rs48	A	C	580	0.29	0	-0.270061266063785	0.178174065364049	-8.50693903955337	31.5000339128387	0.1295912	0.1295912	FALSE	0.239795918367347	0.295454545454545	98	902
1	50	rs50	A	C	145	0.0725	0	-0.109834298029724	0.308969473390091	-1.15055354114447	10.4753575320625	0.7222256	0.7222256	FALSE	0.0612244897959184	0.0737250554323725	98	902
1	54	rs54	A	C	216	0.108	0	-0.396070422875214	0.269316284921192	-5.46068571877306	13.7871585541077	0.1413854	0.1413854	FALSE	0.076530612244898	0.111419068736142	98	902
1	57	rs57	A	C	366	0.183	0	-0.249821364697245	0.206935992118206	-5.8338802381127	23.3522070667683	0.2273398	0.2273398	FALSE	0.158163265306122	0.18569844789357	98	902
1	64	rs64	A	C	869	0.4345	0	0.219569954242093	0.15805981818677	8.78880756071488	40.0273689132555	0.1647849	0.1647849	FALSE	0.489795918367347	0.428492239467849	98	902
1	66	rs66	A	C	567	0.2835	0	0.122479438348782	0.173472521985011	4.07006927595235	33.2306330827719	0.48016	0.48016	FALSE	0.301020408163265	0.28159645232816	98	902
1	68	rs68	A	C	545	0.2725	0	-0.00519386440327893	0.18158502214617	-0.157518134804702	30.3277333742597	0.9771813	0.9771813	FALSE	0.270408163265306	0.272727272727273	98	902
1	71	rs71	A	C	45	0.0225	0	0.279374821271046	0.52678411772545	1.00675064653027	3.60358403792419	0.595876	0.595876	FALSE	0.0306122448979592	0.0216186252771619	98	902
1	75	rs75	A	C	60	0.03	0	-0.0920585526493328	0.446340940962341	-0.462094387057178	5.0195704120765	0.8365943	0.8365943	FALSE	0.0306122448979592	0.0299334811529933	98	902
1	79	rs79	A	C	22	0.011	0	0.33266980126209	0.74693213018602	0.596281170978804	1.79241148044283	0.656044	0.656044	FALSE	0.0153061224489796	0.0105321507760532	98	902
1	81	rs81	A	C	314	0.157	0	0.2061117695606	0.218741261186499	4.30765951286593	20.899628983096	0.3460581	0.3460581	FALSE	0.178571428571429	0.154656319290466	98	902
1	83	rs83	A	C	48	0.024	0	-1.32129289675988	0.86093692372784	-3.43408440763102	3.40673474931282	0.06280747	0.06280747	FALSE	0.00510204081632653	0.0260532150776053	98	902
1	86	rs86	A	C	304	0.152	0	0.219771913033813	0.22689297738278	4.26903858659792	19.4248597451172	0.3327374	0.3327374	FALSE	0.178571428571429	0.149113082039911	98	902
1	90	rs90	A	C	135	0.0675	0	-0.000807722504038171	0.309135246348983	-0.0084521098766092	10.4641257787833	0.9979153	0.9979153	FALSE	0.0663265306122449	0.0676274944567627	98	902
1	92	rs92	A	C	217	0.1085	0	-0.249491040130426	0.253462814994954	-3.88352804529293	15.5658016546917	0.3249533	0.3249533	FALSE	0.0918367346938776	0.110310421286031	98	902
1	94	rs94	A	C	699	0.3495	0	-0.0572423955892359	0.16886586979017	-2.00740054645729	35.0684230768772	0.7346237	0.7346237	FALSE	0.341836734693878	0.350332594235033	98	902
1	96	rs96	A	C	219	0.1095	0	0.339407478909582	0.254432590994545	5.24295254370644	15.4473689281996	0.1822111	0.1822111	FALSE	0.137755102040816	0.106430155210643	98	902
1	97	rs97	A	C	801	0.4005	0	-0.277329167988776	0.163637138992341	-10.3858172566897	36.4398306173268	0.08534316	0.08534316	FALSE	0.346938775510204	0.406319290465632	98	902
1	99	rs99	A	C	284	0.142	0	-0.525731088645764	0.265130755836998	-8.23673560615432	17.5473108426414	0.04926393	0.04926393	FALSE	0.0918367346938776	0.147450110864745	98	902
