CHR	POS	MarkerID	Allele1	Allele2	AC_Allele2	AF_Allele2	MissingRate	BETA	SE	Tstat	var	p.value	p.value.NA	Is.SPA.converge	BETA_c	SE_c	Tstat_c	var_c	p.value_c	p.value.NA_c	AF_caseVec	AF_ctrlVec	N_caseVec	N_ctrlVec	N_case_hom	N_case_het	N_ctrl_hom	N_ctrl_het
1	4	rs4	A	C	20	0.01	0	-0.145552496599179	0.774596318868886	-0.242587713790869	1.66666817443128	0.8509491	0.8509491	FALSE	-0.131102215371196	0.774851980939724	-0.218359723219336	1.66556852301148	0.8656421	0.8656421	0.0102040816326531	0.00997782705099778	98	902	0	2	0	18
1	12	rs12	A	C	30	0.015	0	-0.0966107720159454	0.656209892128847	-0.224357197607127	2.3222793165352	0.8829541	0.8829541	FALSE	-0.082015583117578	0.656517382228122	-0.19028472140155	2.32010447488689	0.9005827	0.9005827	0.0153061224489796	0.0149667405764967	98	902	0	3	0	27
1	14	rs14	A	C	75	0.0375	0	-0.0758657596418916	0.429638013494539	-0.410998664800212	5.41744611456136	0.8598378	0.8598378	FALSE	-0.0621445332392982	0.430056347827874	-0.336010002268235	5.40691167434423	0.8851031	0.8851031	0.0306122448979592	0.0382483370288248	98	902	1	4	2	65
1	15	rs15	A	C	244	0.122	0	-0.281098060954492	0.246946493392415	-4.60948199123597	16.3981280254445	0.2549971	0.2549971	FALSE	-0.271373958872717	0.247208290856774	-4.44060461850674	16.3634146656995	0.2723118	0.2723118	0.0969387755102041	0.124722838137472	98	902	2	15	12	201
1	20	rs20	A	C	762	0.381	0	-0.000828624223270451	0.165052135163372	-0.030416926700416	36.7077450142178	0.9959943	0.9959943	FALSE	-0.00672058402638089	0.165351482835993	-0.245805064952754	36.5749559841635	0.9675795	0.9675795	0.36734693877551	0.382483370288248	98	902	14	44	128	434
1	22	rs22	A	C	459	0.2295	0	0.0104610844402804	0.185152678923057	0.305152341985974	29.1702398281947	0.9549437	0.9549437	FALSE	-0.0058996678165166	0.186322996967241	-0.16993961770833	28.8049468196447	0.9747403	0.9747403	0.255102040816327	0.226718403547672	98	902	7	36	43	323
1	23	rs23	A	C	607	0.3035	0	-0.438755212893824	0.174287289082287	-14.4689907595175	32.977364904879	0.011821606921552	0.01174908	TRUE	-0.441602807070487	0.174975534208198	-14.4489434102843	32.7193196667748	0.0116094798428445	0.01153683	0.229591836734694	0.311529933481153	98	902	5	35	93	376
1	26	rs26	A	C	996	0.498	0	0.292762278643988	0.163374004674163	10.9685497457918	37.4657206406365	0.07313683	0.07313683	FALSE	0.301488796313864	0.163737370615843	11.2454167267818	37.2996173133904	0.06557834	0.06557834	0.561224489795918	0.491130820399113	98	902	30	50	212	462
1	27	rs27	A	C	234	0.117	0	-0.223602398080891	0.257666842581304	-3.3679015326166	15.0620098957893	0.3855057	0.3855057	FALSE	-0.211607023911027	0.258098733532133	-3.176569284442	15.011643875194	0.4122911	0.4122911	0.102040816326531	0.118625277161863	98	902	0	20	10	194
1	29	rs29	A	C	531	0.2655	0	-0.167190237819185	0.186321809877951	-4.81596727532188	28.8053138636618	0.3695483	0.3695483	FALSE	-0.17351115679567	0.186671533182217	-4.97933351583647	28.6974832500265	0.3526301	0.3526301	0.219387755102041	0.270509977827051	98	902	5	33	64	360
1	30	rs30	A	C	351	0.1755	0	-0.150454960568463	0.208533177895301	-3.45984137521452	22.9958611011709	0.470607	0.470607	FALSE	-0.145357877650532	0.208737256424913	-3.33609670610854	22.9509178314309	0.4861986	0.4861986	0.147959183673469	0.178492239467849	98	902	5	19	34	254
1	37	rs37	A	C	34	0.017	0	-0.398651365401732	0.668003363821628	-0.893379447285884	2.24100435824571	0.550654	0.550654	FALSE	-0.384342946749394	0.668304716104642	-0.860537625415835	2.23898378438811	0.5652228	0.5652228	0.0102040816326531	0.0177383592017738	98	902	0	2	0	32
1	38	rs38	A	C	102	0.051	0	0.964140998232519	0.379193842667605	6.72596952309452	6.97612645393639	0.0110028840739303	0.01088018	TRUE	0.966130728167955	0.379560903214748	6.72778942232648	6.96364293793262	0.0109155583802505	0.01078791	0.0816326530612245	0.0476718403547672	98	902	0	16	2	82
1	48	rs48	A	C	580	0.29	0	-0.270061200129952	0.178174047949979	-8.50693862550835	31.5000400702317	0.1295913	0.1295913	FALSE	-0.26558050243286	0.178246821056079	-8.35896682956604	31.4743241804026	0.1362349	0.1362349	0.239795918367347	0.295454545454545	98	902	3	41	85	363
1	50	rs50	A	C	145	0.0725	0	-0.109834421193929	0.30896942919347	-1.15055516049648	10.4753605289639	0.7222253	0.7222253	FALSE	-0.0990839875702821	0.309243105875308	-1.03610417396708	10.4568275800583	0.748659	0.748659	0.0612244897959184	0.0737250554323725	98	902	0	12	9	115
1	54	rs54	A	C	216	0.108	0	-0.396070440959354	0.269316254832222	-5.46068718827656	13.7871616348087	0.1413853	0.1413853	FALSE	-0.391220422703392	0.269488785810216	-5.38691499692077	13.7695137684694	0.1465814	0.1465814	0.076530612244898	0.111419068736142	98	902	0	15	9	183
1	57	rs57	A	C	366	0.183	0	-0.249821369754741	0.206935971470632	-5.83388152039762	23.3522117268229	0.2273398	0.2273398	FALSE	-0.249299345763267	0.206941242940082	-5.82139451442074	23.3510220277461	0.2283243	0.2283243	0.158163265306122	0.18569844789357	98	902	0	31	38	259
1	64	rs64	A	C	869	0.4345	0	0.219569972068643	0.158059805827973	8.78880964866988	40.0273751727867	0.1647848	0.1647848	FALSE	0.230898261929773	0.158589278290483	9.18064128107134	39.7605473698351	0.1454061	0.1454061	0.489795918367347	0.428492239467849	98	902	24	48	175	423
1	66	rs66	A	C	567	0.2835	0	0.122479473241122	0.173472509412632	4.07007102540176	33.2306378995369	0.4801599	0.4801599	FALSE	0.127780919684884	0.17389813635422	4.22548100838543	33.0681686969052	0.4624593	0.4624593	0.301020408163265	0.28159645232816	98	902	15	29	71	366
1	68	rs68	A	C	545	0.2725	0	-0.00519387536583927	0.181585005506777	-0.157518496142461	30.3277389323738	0.9771812	0.9771812	FALSE	0.00766730435563391	0.182146922228861	0.231099512031244	30.1409075878712	0.9664237	0.9664237	0.270408163265306	0.272727272727273	98	902	9	35	64	364
1	71	rs71	A	C	45	0.0225	0	0.279374931140169	0.526784083255136	1.00675117420715	3.60358450952796	0.5958759	0.5958759	FALSE	0.294771625751989	0.527182042080333	1.06063135203942	3.59814602010506	0.5760622	0.5760622	0.0306122448979592	0.0216186252771619	98	902	0	6	0	39
1	75	rs75	A	C	60	0.03	0	-0.0920585427464534	0.446340901683547	-0.46209441867923	5.01957129553881	0.8365944	0.8365944	FALSE	-0.0868940802200017	0.446410219269097	-0.436035586006865	5.01801256084296	0.8456664	0.8456664	0.0306122448979592	0.0299334811529933	98	902	0	6	2	50
1	79	rs79	A	C	22	0.011	0	0.33266991134603	0.746932091884633	0.596281429447079	1.79241166426636	0.6560439	0.6560439	FALSE	-0.5	Inf	1.11022302462516e-16	-2.22044604925031e-16	1	1	0.0153061224489796	0.0105321507760532	98	902	0	3	0	19
1	81	rs81	A	C	314	0.157	0	0.206111786904035	0.218741244821467	4.30766051988871	20.8996321102895	0.346058	0.346058	FALSE	0.210686294680223	0.219017141672429	4.39217940985248	20.8470105590821	0.3360684	0.3360684	0.178571428571429	0.154656319290466	98	902	5	25	20	239
1	83	rs83	A	C	48	0.024	0	-1.00802789439821	0.541789768608582	-3.434084295338	3.40673538343714	0.06280751	0.06280751	FALSE	-0.994531012294912	0.542174383448835	-3.38329869843107	3.40190366776396	0.06660385	0.06660385	0.00510204081632653	0.0260532150776053	98	902	0	1	0	47
1	86	rs86	A	C	304	0.152	0	0.219771863812101	0.226892958735117	4.26903833219229	19.4248629380611	0.3327374	0.3327374	FALSE	0.226638539409474	0.227091507497702	4.39472775067886	19.390911016854	0.3182768	0.3182768	0.178571428571429	0.149113082039911	98	902	4	27	15	239
1	90	rs90	A	C	135	0.0675	0	-0.000807736425332305	0.309135218475281	-0.00845225707500605	10.4641276658147	0.9979152	0.9979152	FALSE	0.0109490481191334	0.309490279832629	0.114309503147527	10.440131589866	0.9717786	0.9717786	0.0663265306122449	0.0676274944567627	98	902	2	9	6	110
1	92	rs92	A	C	217	0.1085	0	-0.249491051627335	0.253462788957965	-3.88352902212319	15.5658048526888	0.3249532	0.3249532	FALSE	-0.245892970430754	0.25410407925306	-3.80822710029561	15.487336191939	0.3332012	0.3332012	0.0918367346938776	0.110310421286031	98	902	3	12	10	179
1	94	rs94	A	C	699	0.3495	0	-0.0572424357868071	0.168865854496368	-2.00740231973455	35.0684294290146	0.7346235	0.7346235	FALSE	-0.0680913290663867	0.169750133876801	-2.36304265046386	34.7040171320488	0.6883268	0.6883268	0.341836734693878	0.350332594235033	98	902	10	47	109	414
1	96	rs96	A	C	219	0.1095	0	0.339407429410455	0.254432567220045	5.24295275889125	15.447371815043	0.1822111	0.1822111	FALSE	0.354739793235608	0.255029770257191	5.45416345649885	15.3751103217122	0.1642333	0.1642333	0.137755102040816	0.106430155210643	98	902	1	25	12	168
1	97	rs97	A	C	801	0.4005	0	-0.285012716507993	0.165657759516941	-10.3858171163635	36.4398376451819	0.08534319	0.08534319	FALSE	-0.276997755827487	0.166156701571595	-10.0332244064082	36.2213201924164	0.09549701	0.09549701	0.346938775510204	0.406319290465632	98	902	10	48	148	437
1	99	rs99	A	C	284	0.142	0	-0.469401517962664	0.238723221139484	-8.2367362197655	17.5473148351017	0.04926394	0.04926394	FALSE	-0.474624757605138	0.239675619247639	-8.26233257315647	17.4081365136673	0.04767211	0.04767211	0.0918367346938776	0.147450110864745	98	902	0	18	17	232
