CHR	POS	MarkerID	Allele1	Allele2	AC_Allele2	AF_Allele2	MissingRate	BETA	SE	Tstat	var	p.value	p.value.NA	Is.SPA.converge	AF_case	AF_ctrl	N_case	N_ctrl
1	4	rs4	A	C	20	0.01	0	-0.145552901838161	0.774596192365727	-0.242588468426424	1.66666871881508	0.8509487	0.8509487	FALSE	0.0102040816326531	0.00997782705099778	98	902
1	12	rs12	A	C	30	0.015	0	-0.0966108481750867	0.656209810750419	-0.22435743011631	2.32227989252004	0.882954	0.882954	FALSE	0.0153061224489796	0.0149667405764967	98	902
1	14	rs14	A	C	75	0.0375	0	-0.0758656920265383	0.429637973697551	-0.410998374638506	5.41744711818797	0.8598379	0.8598379	FALSE	0.0306122448979592	0.0382483370288248	98	902
1	15	rs15	A	C	244	0.122	0	-0.281098080101062	0.246946461015635	-4.60948351388857	16.3981323253127	0.2549971	0.2549971	FALSE	0.0969387755102041	0.124722838137472	98	902
1	20	rs20	A	C	762	0.381	0	-0.000828625713478938	0.165052116791498	-0.0304169881740099	36.7077531860626	0.9959943	0.9959943	FALSE	0.36734693877551	0.382483370288248	98	902
1	22	rs22	A	C	459	0.2295	0	0.0104610486304675	0.185152661851359	0.305151353677101	29.1702452073835	0.9549438	0.9549438	FALSE	0.255102040816327	0.226718403547672	98	902
1	23	rs23	A	C	607	0.3035	0	-0.438755166402264	0.17428727159408	-14.4689921185473	32.9773714967078	0.0118216073964126	0.01174909	TRUE	0.229591836734694	0.311529933481153	98	902
1	26	rs26	A	C	996	0.498	0	0.292762298327808	0.163373989603609	10.9685525068644	37.4657275527427	0.07313678	0.07313678	FALSE	0.561224489795918	0.491130820399113	98	902
1	27	rs27	A	C	234	0.117	0	-0.223602337203781	0.257666817721198	-3.36790126556588	15.062012802203	0.3855058	0.3855058	FALSE	0.102040816326531	0.118625277161863	98	902
1	29	rs29	A	C	531	0.2655	0	-0.167190220077764	0.186321792452679	-4.81596766507683	28.8053192515496	0.3695483	0.3695483	FALSE	0.219387755102041	0.270509977827051	98	902
1	30	rs30	A	C	351	0.1755	0	-0.15045490839037	0.208533155755302	-3.45984090999795	22.9958659841197	0.4706071	0.4706071	FALSE	0.147959183673469	0.178492239467849	98	902
1	37	rs37	A	C	34	0.017	0	-0.398651364152024	0.668003284757984	-0.893379655962802	2.24100488872808	0.5506539	0.5506539	FALSE	0.0102040816326531	0.0177383592017738	98	902
1	38	rs38	A	C	102	0.051	0	0.964140982623777	0.379193815318754	6.72597043771341	6.97612751551086	0.0110028795960385	0.01088018	TRUE	0.0816326530612245	0.0476718403547672	98	902
1	48	rs48	A	C	580	0.29	0	-0.270061230547349	0.178174028853905	-8.50694140714625	31.5000468223623	0.1295912	0.1295912	FALSE	0.239795918367347	0.295454545454545	98	902
1	50	rs50	A	C	145	0.0725	0	-0.109834302523182	0.308969405459288	-1.15055409414241	10.4753621383408	0.7222255	0.7222255	FALSE	0.0612244897959184	0.0737250554323725	98	902
1	54	rs54	A	C	216	0.108	0	-0.396070420660996	0.269316224101616	-5.46068815461452	13.7871647812055	0.1413853	0.1413853	FALSE	0.076530612244898	0.111419068736142	98	902
1	57	rs57	A	C	366	0.183	0	-0.249821345449479	0.206935946488837	-5.83388236137577	23.3522173650912	0.2273397	0.2273397	FALSE	0.158163265306122	0.18569844789357	98	902
1	64	rs64	A	C	869	0.4345	0	0.219569879620042	0.158059787721032	8.78880796184319	40.0273843436627	0.164785	0.164785	FALSE	0.489795918367347	0.428492239467849	98	902
1	66	rs66	A	C	567	0.2835	0	0.122479423368733	0.173472493889361	4.07007009653477	33.230643846857	0.48016	0.48016	FALSE	0.301020408163265	0.28159645232816	98	902
1	68	rs68	A	C	545	0.2725	0	-0.00519385948646873	0.181584990815531	-0.157518040045244	30.3277438397431	0.9771813	0.9771813	FALSE	0.270408163265306	0.272727272727273	98	902
1	71	rs71	A	C	45	0.0225	0	0.279374966790154	0.526784044016102	1.00675145265646	3.60358504637481	0.5958758	0.5958758	FALSE	0.0306122448979592	0.0216186252771619	98	902
1	75	rs75	A	C	60	0.03	0	-0.0920585470835685	0.446340850292692	-0.462094546859082	5.01957245142707	0.8365943	0.8365943	FALSE	0.0306122448979592	0.0299334811529933	98	902
1	79	rs79	A	C	22	0.011	0	0.332669878456848	0.74693205274037	0.596281432994436	1.79241185213522	0.6560439	0.6560439	FALSE	0.0153061224489796	0.0105321507760532	98	902
1	81	rs81	A	C	314	0.157	0	0.206111766551062	0.218741227033815	4.3076607951018	20.8996355093323	0.346058	0.346058	FALSE	0.178571428571429	0.154656319290466	98	902
1	83	rs83	A	C	48	0.024	0	-1.00802778115244	0.54178969896271	-3.43408479242754	3.40673625929385	0.0628075	0.0628075	FALSE	0.00510204081632653	0.0260532150776053	98	902
1	86	rs86	A	C	304	0.152	0	0.219771857367915	0.2268929354056	4.26903908491444	19.4248669326561	0.3327374	0.3327374	FALSE	0.178571428571429	0.149113082039911	98	902
1	90	rs90	A	C	135	0.0675	0	-0.00080776817220264	0.309135187854482	-0.0084525909528207	10.4641297388234	0.9979151	0.9979151	FALSE	0.0663265306122449	0.0676274944567627	98	902
1	92	rs92	A	C	217	0.1085	0	-0.24949099047064	0.25346276602666	-3.88352877287182	15.5658076692306	0.3249533	0.3249533	FALSE	0.0918367346938776	0.110310421286031	98	902
1	94	rs94	A	C	699	0.3495	0	-0.0572423913655273	0.168865837173779	-2.00740117379627	35.0684366237917	0.7346237	0.7346237	FALSE	0.341836734693878	0.350332594235033	98	902
1	96	rs96	A	C	219	0.1095	0	0.339407383563018	0.254432545664475	5.24295293903651	15.4473744324512	0.1822111	0.1822111	FALSE	0.137755102040816	0.106430155210643	98	902
1	97	rs97	A	C	801	0.4005	0	-0.285012710893753	0.165657741696132	-10.3858191463124	36.4398454852914	0.08534317	0.08534317	FALSE	0.346938775510204	0.406319290465632	98	902
1	99	rs99	A	C	284	0.142	0	-0.469401519715142	0.238723195880392	-8.23673799356053	17.5473185484338	0.04926392	0.04926392	FALSE	0.0918367346938776	0.147450110864745	98	902
