CHR	POS	MarkerID	Allele1	Allele2	AC_Allele2	AF_Allele2	MissingRate	BETA	SE	Tstat	var	p.value	p.value.NA	Is.SPA.converge	AF_case	AF_ctrl	N_case	N_ctrl	N_case_hom	N_case_het	N_ctrl_hom	N_ctrl_het
1	4	rs4	A	C	20	0.01	0	-0.138428637284862	0.751715153105886	-0.244973627938525	1.76967448891671	0.8538955	0.8538955	FALSE	0.0102040816326531	0.00997782705099778	98	902	0	2	0	18
1	12	rs12	A	C	30	0.015	0	-0.0960673635164067	0.63577646547112	-0.237665956175748	2.47395106388195	0.8798949	0.8798949	FALSE	0.0153061224489796	0.0149667405764967	98	902	0	3	0	27
1	14	rs14	A	C	75	0.0375	0	-0.0725490563412376	0.417011675722751	-0.417191391411614	5.75047302406438	0.8618861	0.8618861	FALSE	0.0306122448979592	0.0382483370288248	98	902	1	4	2	65
1	15	rs15	A	C	244	0.122	0	-0.265653738578032	0.239604514811941	-4.62728168555802	17.4184700366971	0.267552	0.267552	FALSE	0.0969387755102041	0.124722838137472	98	902	2	15	12	201
1	20	rs20	A	C	762	0.381	0	-0.00139415799030577	0.160140226242441	-0.0543639640592227	38.9941200618871	0.9930538	0.9930538	FALSE	0.36734693877551	0.382483370288248	98	902	14	44	128	434
1	22	rs22	A	C	459	0.2295	0	0.008357006137527	0.179615304848317	0.259038336032727	30.9965473005363	0.96289	0.96289	FALSE	0.255102040816327	0.226718403547672	98	902	7	36	43	323
1	23	rs23	A	C	607	0.3035	0	-0.41394555415575	0.169148868195886	-14.4886989587984	35.0014604900114	0.0143960429402981	0.0143259	TRUE	0.229591836734694	0.311529933481153	98	902	5	35	93	376
1	26	rs26	A	C	996	0.498	0	0.277551034445956	0.158611782151487	11.0324498153303	39.7492657065868	0.08013962	0.08013962	FALSE	0.561224489795918	0.491130820399113	98	902	30	50	212	462
1	27	rs27	A	C	234	0.117	0	-0.211707011741105	0.250050681087524	-3.38593922404789	15.9935147929277	0.3971867	0.3971867	FALSE	0.102040816326531	0.118625277161863	98	902	0	20	10	194
1	29	rs29	A	C	531	0.2655	0	-0.157649114407361	0.180801943749587	-4.82264556571332	30.5910095584282	0.3832391	0.3832391	FALSE	0.219387755102041	0.270509977827051	98	902	5	33	64	360
1	30	rs30	A	C	351	0.1755	0	-0.142612056283667	0.20237864255563	-3.48198491064826	24.415782237389	0.4810098	0.4810098	FALSE	0.147959183673469	0.178492239467849	98	902	5	19	34	254
1	37	rs37	A	C	34	0.017	0	-0.374909302024113	0.648261594402951	-0.892124836036372	2.37957508981464	0.5630412	0.5630412	FALSE	0.0102040816326531	0.0177383592017738	98	902	0	2	0	32
1	38	rs38	A	C	102	0.051	0	0.916664972340559	0.368137229948072	6.76755391647177	7.38279973673685	0.0127739902966532	0.01274922	TRUE	0.0816326530612245	0.0476718403547672	98	902	0	16	2	82
1	48	rs48	A	C	580	0.29	0	-0.254532975296184	0.172914353486545	-8.51298687212124	33.4455166848823	0.1410161	0.1410161	FALSE	0.239795918367347	0.295454545454545	98	902	3	41	85	363
1	50	rs50	A	C	145	0.0725	0	-0.104595840085315	0.299561162323937	-1.1655835199653	11.1436890703739	0.7269665	0.7269665	FALSE	0.0612244897959184	0.0737250554323725	98	902	0	12	9	115
1	54	rs54	A	C	216	0.108	0	-0.374453073988843	0.261345169506611	-5.48237130204766	14.6410102703844	0.1519175	0.1519175	FALSE	0.076530612244898	0.111419068736142	98	902	0	15	9	183
1	57	rs57	A	C	366	0.183	0	-0.236454857300984	0.200742210549895	-5.86773963988006	24.815475168738	0.2388353	0.2388353	FALSE	0.158163265306122	0.18569844789357	98	902	0	31	38	259
1	64	rs64	A	C	869	0.4345	0	0.205821874704593	0.153340668619616	8.75340100228774	42.5290121122992	0.1795142	0.1795142	FALSE	0.489795918367347	0.428492239467849	98	902	24	48	175	423
1	66	rs66	A	C	567	0.2835	0	0.115131007588821	0.168371959372406	4.06118500253064	35.2744676484964	0.494108	0.494108	FALSE	0.301020408163265	0.28159645232816	98	902	15	29	71	366
1	68	rs68	A	C	545	0.2725	0	-0.00409743239623528	0.176278351927706	-0.131860231478091	32.1811853684869	0.9814556	0.9814556	FALSE	0.270408163265306	0.272727272727273	98	902	9	35	64	364
1	71	rs71	A	C	45	0.0225	0	0.266296676806849	0.511644011853063	1.01725528662415	3.82000743990504	0.6027342	0.6027342	FALSE	0.0306122448979592	0.0216186252771619	98	902	0	6	0	39
1	75	rs75	A	C	60	0.03	0	-0.0847831945157817	0.433262607852895	-0.451655556241093	5.32718257221389	0.8448564	0.8448564	FALSE	0.0306122448979592	0.0299334811529933	98	902	0	6	2	50
1	79	rs79	A	C	22	0.011	0	0.315295218132867	0.725821081592275	0.598491832078572	1.89819508086027	0.6639995	0.6639995	FALSE	0.0153061224489796	0.0105321507760532	98	902	0	3	0	19
1	81	rs81	A	C	314	0.157	0	0.1962470400711	0.212407664195714	4.34973449710315	22.1645865105901	0.3555296	0.3555296	FALSE	0.178571428571429	0.154656319290466	98	902	5	25	20	239
1	83	rs83	A	C	48	0.024	0	-0.948633416683161	0.526469850716947	-3.42256266078829	3.60788751544835	0.07156491	0.07156491	FALSE	0.00510204081632653	0.0260532150776053	98	902	0	1	0	47
1	86	rs86	A	C	304	0.152	0	0.206179501736084	0.220192483791198	4.2524626224422	20.6250504372908	0.3490877	0.3490877	FALSE	0.178571428571429	0.149113082039911	98	902	4	27	15	239
1	90	rs90	A	C	135	0.0675	0	-0.00275049178712712	0.299878303365622	-0.0305858294405595	11.1201311648003	0.9926819	0.9926819	FALSE	0.0663265306122449	0.0676274944567627	98	902	2	9	6	110
1	92	rs92	A	C	217	0.1085	0	-0.23657303917043	0.245977597107682	-3.909976433345	16.5275656391606	0.3361669	0.3361669	FALSE	0.0918367346938776	0.110310421286031	98	902	3	12	10	179
1	94	rs94	A	C	699	0.3495	0	-0.0540036494826221	0.163910365145017	-2.01006579917605	37.2209252232642	0.7418	0.7418	FALSE	0.341836734693878	0.350332594235033	98	902	10	47	109	414
1	96	rs96	A	C	219	0.1095	0	0.32064592298536	0.247020767384957	5.2548314337236	16.3882683578158	0.1942693	0.1942693	FALSE	0.137755102040816	0.106430155210643	98	902	1	25	12	168
1	97	rs97	A	C	801	0.4005	0	-0.267704117801571	0.160770663868948	-10.3571780278323	38.6889006896387	0.09588675	0.09588675	FALSE	0.346938775510204	0.406319290465632	98	902	10	48	148	437
1	99	rs99	A	C	284	0.142	0	-0.4426277464108	0.23171995168079	-8.24350253728878	18.6240076545902	0.05610953	0.05610953	FALSE	0.0918367346938776	0.147450110864745	98	902	0	18	17	232
