CHR	POS	MarkerID	Allele1	Allele2	AC_Allele2	AF_Allele2	MissingRate	BETA	SE	Tstat	var	p.value	p.value.NA	Is.SPA.converge	BETA_c	SE_c	Tstat_c	var_c	p.value_c	p.value.NA_c	AF_caseVec	AF_ctrlVec	N_caseVec	N_ctrlVec	N_case_hom	N_case_het	N_ctrl_hom	N_ctrl_het
1	4	rs4	A	C	20	0.01	0	-0.145559713190618	0.774590041811192	-0.24260367338888	1.66669518695175	0.8509406	0.8509406	FALSE	-0.131110110725837	0.774845705539226	-0.218376410649431	1.66559550167779	0.865633	0.865633	0.0102040816326531	0.00997782705099778	98	902	0	2	0	18
1	12	rs12	A	C	30	0.015	0	-0.0966122362023666	0.656202831908374	-0.224365425766057	2.32232928856025	0.8829511	0.8829511	FALSE	-0.0820177273040239	0.656510324907665	-0.190293787292613	2.32015435623119	0.9005791	0.9005791	0.0153061224489796	0.0149667405764967	98	902	0	3	0	27
1	14	rs14	A	C	75	0.0375	0	-0.0758534418958739	0.429637337291004	-0.410933227602362	5.41746316754434	0.8598601	0.8598601	FALSE	-0.0621327461759574	0.430055676946625	-0.335947318802273	5.40692854378082	0.8851246	0.8851246	0.0306122448979592	0.0382483370288248	98	902	1	4	2	65
1	15	rs15	A	C	244	0.122	0	-0.281087420501401	0.246945028452869	-4.60936219501139	16.3983225815985	0.2550123	0.2550123	FALSE	-0.271363223763864	0.247206852322781	-4.44048063467232	16.363605108614	0.272328	0.272328	0.0969387755102041	0.124722838137472	98	902	2	15	12	201
1	20	rs20	A	C	762	0.381	0	-0.000829383627235838	0.165050239488036	-0.0304455020557295	36.7085882285836	0.9959906	0.9959906	FALSE	-0.00672208010942638	0.165349627909902	-0.245865300366355	36.5757765995049	0.9675719	0.9675719	0.36734693877551	0.382483370288248	98	902	14	44	128	434
1	22	rs22	A	C	459	0.2295	0	0.0104561499240904	0.185150765559041	0.305014704964212	29.1708427268697	0.9549644	0.9549644	FALSE	-0.00590359364297982	0.186321009385764	-0.170056329028401	28.805561377115	0.9747232	0.9747232	0.255102040816327	0.226718403547672	98	902	7	36	43	323
1	23	rs23	A	C	607	0.3035	0	-0.438750943893465	0.174285367685981	-14.4691690305289	32.9780920859789	0.0118214975641344	0.01174898	TRUE	-0.441599081332665	0.174973641264922	-14.4491343266602	32.7200280468323	0.0116092813651787	0.01153663	0.229591836734694	0.311529933481153	98	902	5	35	93	376
1	26	rs26	A	C	996	0.498	0	0.2927615087847	0.163372577126112	10.9687125889624	37.4663753937302	0.07313507	0.07313507	FALSE	0.301487520551982	0.163735904410623	11.2455705399738	37.3002853298363	0.06557707	0.06557707	0.561224489795918	0.491130820399113	98	902	30	50	212	462
1	27	rs27	A	C	234	0.117	0	-0.223605087154008	0.257664230731422	-3.36801031504921	15.06231525372	0.3854952	0.3854952	FALSE	-0.211610169681138	0.25809612344196	-3.17668075730868	15.0119474980594	0.4122794	0.4122794	0.102040816326531	0.118625277161863	98	902	0	20	10	194
1	29	rs29	A	C	531	0.2655	0	-0.167182492480617	0.186320144324711	-4.81583026660945	28.8058288589505	0.3695662	0.3695662	FALSE	-0.173503882439903	0.186669861052177	-4.97921396340758	28.697997378429	0.352646	0.352646	0.219387755102041	0.270509977827051	98	902	5	33	64	360
1	30	rs30	A	C	351	0.1755	0	-0.15043876042442	0.208531685805589	-3.45951834563814	22.9961901831555	0.4706516	0.4706516	FALSE	-0.145341178511714	0.208735756069046	-3.33576139876001	22.9512477669304	0.4862456	0.4862456	0.147959183673469	0.178492239467849	98	902	5	19	34	254
1	37	rs37	A	C	34	0.017	0	-0.398633719654298	0.66799923015105	-0.893350959342139	2.24103209361433	0.5506691	0.5506691	FALSE	-0.38432596929291	0.668300583718761	-0.860510254866921	2.23901147364593	0.5652375	0.5652375	0.0102040816326531	0.0177383592017738	98	902	0	2	0	32
1	38	rs38	A	C	102	0.051	0	0.964135759726784	0.379191194582499	6.72602892728651	6.97622597173713	0.011002759977025	0.01088005	TRUE	0.966126152564054	0.379558264651344	6.72785372223206	6.96374247232274	0.0109153820656726	0.01078772	0.0816326530612245	0.0476718403547672	98	902	0	16	2	82
1	48	rs48	A	C	580	0.29	0	-0.270056093767124	0.178172274482794	-8.50694712295496	31.5006671550641	0.1295947	0.1295947	FALSE	-0.265575946859822	0.178245031515163	-8.35899128832407	31.4749561741605	0.1362377	0.1362377	0.239795918367347	0.295454545454545	98	902	3	41	85	363
1	50	rs50	A	C	145	0.0725	0	-0.109833915846113	0.308965972936309	-1.15057560826135	10.4755948961468	0.7222235	0.7222235	FALSE	-0.0990837786893436	0.309239659127264	-1.03612508640013	10.4570606824421	0.7486568	0.7486568	0.0612244897959184	0.0737250554323725	98	902	0	12	9	115
1	54	rs54	A	C	216	0.108	0	-0.396072416221153	0.269312487397607	-5.46086720336842	13.7875473769909	0.1413778	0.1413778	FALSE	-0.391222178638414	0.269485019247804	-5.38708976165481	13.7698986811119	0.1465739	0.1465739	0.076530612244898	0.111419068736142	98	902	0	15	9	183
1	57	rs57	A	C	366	0.183	0	-0.249801027221606	0.206934655589324	-5.83348066584473	23.352508717547	0.2273746	0.2273746	FALSE	-0.249279623573692	0.206939918241747	-5.82100850524386	23.3513209856202	0.2283581	0.2283581	0.158163265306122	0.18569844789357	98	902	0	31	38	259
1	64	rs64	A	C	869	0.4345	0	0.219556571354951	0.158057988716759	8.78847532293097	40.0282955262719	0.1648058	0.1648058	FALSE	0.230884932969893	0.158587469013274	9.18032078183803	39.7614546074998	0.1454247	0.1454247	0.489795918367347	0.428492239467849	98	902	24	48	175	423
1	66	rs66	A	C	567	0.2835	0	0.122475681344989	0.173470893782991	4.07002082989079	33.2312568927571	0.4801694	0.4801694	FALSE	0.127777539467372	0.173896519741838	4.22544779263044	33.0687835299051	0.462467	0.462467	0.301020408163265	0.28159645232816	98	902	15	29	71	366
1	68	rs68	A	C	545	0.2725	0	-0.00518596898180192	0.181583561754286	-0.157281214415632	30.3282211998466	0.9772158	0.9772158	FALSE	0.00767474731068805	0.182145462494482	0.23132755717766	30.1413906951057	0.9663909	0.9663909	0.270408163265306	0.272727272727273	98	902	9	35	64	364
1	71	rs71	A	C	45	0.0225	0	0.279388984554325	0.526780127496301	1.00681693771698	3.6036386306462	0.5958546	0.5958546	FALSE	0.294785011155386	0.527178088532823	1.06069542376823	3.59819998856427	0.576042	0.576042	0.0306122448979592	0.0216186252771619	98	902	0	6	0	39
1	75	rs75	A	C	60	0.03	0	-0.0920795467468416	0.44633290350533	-0.462216414925241	5.01975119616991	0.8365547	0.8365547	FALSE	-0.0869152745497811	0.446402225030544	-0.436157560551402	5.01819228910783	0.8456265	0.8456265	0.0306122448979592	0.0299334811529933	98	902	0	6	2	50
1	79	rs79	A	C	22	0.011	0	0.3326354664122	0.74691895167804	0.596240668176002	1.79247473099319	0.6560716	0.6560716	FALSE	0.166666666666667	Inf	-2.22044604925031e-16	-1.33226762955019e-15	1	1	0.0153061224489796	0.0105321507760532	98	902	0	3	0	19
1	81	rs81	A	C	314	0.157	0	0.206123131580419	0.218740076308294	4.30794364529781	20.8998554032596	0.3460289	0.3460289	FALSE	0.210698250692423	0.219015954549903	4.39247627326903	20.8472365519597	0.3360384	0.3360384	0.178571428571429	0.154656319290466	98	902	5	25	20	239
1	83	rs83	A	C	48	0.024	0	-1.00801529556743	0.541781142211333	-3.43415073094123	3.40684387036815	0.06280661	0.06280661	FALSE	-0.994519120085445	0.54216576310715	-3.38336582957494	3.40201184798162	0.06660278	0.06660278	0.00510204081632653	0.0260532150776053	98	902	0	1	0	47
1	86	rs86	A	C	304	0.152	0	0.21977649815596	0.226891215568067	4.26919395192885	19.4251614151177	0.3327235	0.3327235	FALSE	0.226643386074164	0.227089766071256	4.3948891351197	19.3912084144453	0.3182627	0.3182627	0.178571428571429	0.149113082039911	98	902	4	27	15	239
1	90	rs90	A	C	135	0.0675	0	-0.000797874470908329	0.309132920308111	-0.00834918446311482	10.464283251988	0.9979407	0.9979407	FALSE	0.010958390112188	0.309487977214785	0.114408737187518	10.4402869414433	0.9717543	0.9717543	0.0663265306122449	0.0676274944567627	98	902	2	9	6	110
1	92	rs92	A	C	217	0.1085	0	-0.249481872085183	0.253460855739773	-3.88344537477325	15.5660423032551	0.3249673	0.3249673	FALSE	-0.245885872916815	0.254102172559639	-3.80817432847209	15.4875686158693	0.3332115	0.3332115	0.0918367346938776	0.110310421286031	98	902	3	12	10	179
1	94	rs94	A	C	699	0.3495	0	-0.0572334836153781	0.168863989425133	-2.00713271722026	35.0692040818037	0.7346606	0.7346606	FALSE	-0.0680819614996106	0.169748214845759	-2.36277098037673	34.704801805545	0.6883641	0.6883641	0.341836734693878	0.350332594235033	98	902	10	47	109	414
1	96	rs96	A	C	219	0.1095	0	0.339397560654639	0.254430053685405	5.24290390114107	15.4476770281684	0.1822195	0.1822195	FALSE	0.354729607529339	0.255027285870545	5.4541131127142	15.3754098810687	0.1642413	0.1642413	0.137755102040816	0.106430155210643	98	902	1	25	12	168
1	97	rs97	A	C	801	0.4005	0	-0.285008995400431	0.165656246402623	-10.385871247579	36.4405033356475	0.08534442	0.08534442	FALSE	-0.276994048822958	0.166155198523981	-10.0332716542264	36.2219755148575	0.09549845	0.09549845	0.346938775510204	0.406319290465632	98	902	10	48	148	437
1	99	rs99	A	C	284	0.142	0	-0.469400792572603	0.238720221452093	-8.23693049285962	17.5477558265639	0.04926144	0.04926144	FALSE	-0.474622788930398	0.239672572774816	-8.26250834731828	17.4085790653638	0.04767021	0.04767021	0.0918367346938776	0.147450110864745	98	902	0	18	17	232
