CHR	POS	MarkerID	Allele1	Allele2	AC_Allele2	AF_Allele2	MissingRate	BETA	SE	Tstat	var	p.value	p.value.NA	Is.SPA.converge	BETA_c	SE_c	Tstat_c	var_c	p.value_c	p.value.NA_c	AF_caseVec	AF_ctrlVec	N_caseVec	N_ctrlVec	N_case_hom	N_case_het	N_ctrl_hom	N_ctrl_het
1	3	rs3	A	C	2	0.001	0	-1.09725823826328	4.21352328232383	-0.0618042092454378	0.0563260380193276	0.7945449	0.7945449	FALSE	-1.083056555594	4.21356826498332	-0.0610029822113373	0.0563248353894874	0.7971477	0.7971477	0	0.00110864745011086	98	902	0	0	0	2
1	4	rs4	A	C	20	0.01	0	-0.145552847237094	0.774596224199762	-0.242588357484941	1.66666858182295	0.8509488	0.8509488	FALSE	-0.13110257556935	0.774851886292184	-0.218360376499126	1.66556892990724	0.8656417	0.8656417	0.0102040816326531	0.00997782705099778	98	902	0	2	0	18
1	8	rs8	A	C	3	0.0015	0	-1.16333779748401	2.20732417269883	-0.238766613716132	0.205242719898314	0.5981691	0.5981691	FALSE	-1.14917501389113	2.20741037811858	-0.235841383907409	0.205226689630891	0.6026463	0.6026463	0	0.0016629711751663	98	902	0	0	0	3
1	9	rs9	A	C	4	0.002	0	-1.36785931571272	1.55897480843866	-0.562811856048513	0.411454489203272	0.3802643	0.3802643	FALSE	-1.35378114073013	1.55909753722801	-0.556931636487874	0.411389714136147	0.3852242	0.3852242	0	0.00221729490022173	98	902	0	0	0	4
1	10	rs10	A	C	4	0.002	0	0.694143173280627	1.47810866765989	0.317713983226235	0.457706702962546	0.6386295	0.6386295	FALSE	-1.17501053132133	2.83896798139736	-0.145787661641569	0.124073493603182	0.6789572	0.6789572	0.00510204081632653	0.0016629711751663	98	902	0	1	0	3
1	11	rs11	A	C	2	0.001	0	-1.11243170654941	3.52030945592228	-0.0897659588516719	0.0806934558977214	0.7519995	0.7519995	FALSE	-1.09823599060847	3.52036333111471	-0.088617745021803	0.0806909860718597	0.7550659	0.7550659	0	0.00110864745011086	98	902	0	0	0	2
1	12	rs12	A	C	30	0.015	0	-0.0966107803465484	0.656209850312388	-0.224357245547092	2.32227961250607	0.8829541	0.8829541	FALSE	-0.0820156009026338	0.656517340417941	-0.190284786901235	2.32010477039771	0.9005827	0.9005827	0.0153061224489796	0.0149667405764967	98	902	0	3	0	27
1	13	rs13	A	C	2	0.001	0	1.39004434861308	1.72847314930183	0.46526821175814	0.334714652969426	0.4212794	0.4212794	FALSE	-Inf	Inf	-2.77555756156289e-16	0	1	1	0.00510204081632653	0.000554323725055432	98	902	0	1	0	1
1	14	rs14	A	C	75	0.0375	0	-0.0758657136314348	0.42963798419857	-0.410998471591009	5.41744685336635	0.8598379	0.8598379	FALSE	-0.0621444963570796	0.430056318524427	-0.336009848639831	5.40691241118333	0.8851032	0.8851032	0.0306122448979592	0.0382483370288248	98	902	1	4	2	65
1	15	rs15	A	C	244	0.122	0	-0.281098076374761	0.2469464690204	-4.60948315395157	16.3981312622225	0.2549971	0.2549971	FALSE	-0.271373978664995	0.247208266446352	-4.44060581934543	16.3634178972895	0.2723117	0.2723117	0.0969387755102041	0.124722838137472	98	902	2	15	12	201
1	16	rs16	A	C	3	0.0015	0	2.10857759046245	1.82664715719097	0.63194641721895	0.299702709578902	0.2483595	0.2483595	FALSE	2.12309057304815	1.82675158977795	0.636223247370756	0.299668443469805	0.2451454	0.2451454	0.00510204081632653	0.00110864745011086	98	902	0	1	0	2
1	17	rs17	A	C	12	0.006	0	-0.0210023122741275	0.835261615815513	-0.0301038515383201	1.43335891521833	0.9799396	0.9799396	FALSE	-0.00651613192493205	0.835497164109967	-0.00933469017871698	1.43255082712499	0.9937773	0.9937773	0.0102040816326531	0.00554323725055432	98	902	0	2	0	10
1	18	rs18	A	C	3	0.0015	0	-1.37856581004543	1.62202325544786	-0.523978358788189	0.380089477752912	0.3953779	0.3953779	FALSE	-1.36447870282315	1.62214111491365	-0.518548637253374	0.380034247643793	0.4002588	0.4002588	0	0.0016629711751663	98	902	0	0	0	3
1	20	rs20	A	C	762	0.381	0	-0.000828653254940711	0.165052123102409	-0.0304179968330736	36.7077503789567	0.9959942	0.9959942	FALSE	-0.00672061480564225	0.165351470714098	-0.245806226742924	36.5749613467743	0.9675794	0.9675794	0.36734693877551	0.382483370288248	98	902	14	44	128	434
1	22	rs22	A	C	459	0.2295	0	0.0104610435970728	0.18515266871026	0.305151184243353	29.1702430461852	0.9549438	0.9549438	FALSE	-0.00589970161667693	0.186322987133237	-0.169940609258854	28.8049498602567	0.9747401	0.9747401	0.255102040816327	0.226718403547672	98	902	7	36	43	323
1	23	rs23	A	C	607	0.3035	0	-0.438755151644924	0.174287278328104	-14.4689905057693	32.9773689300833	0.0118216135017801	0.01174909	TRUE	-0.441602752595903	0.174975523279928	-14.4489434156538	32.7193237150755	0.0116094849184138	0.01153684	0.229591836734694	0.311529933481153	98	902	5	35	93	376
1	26	rs26	A	C	996	0.498	0	0.292762294803797	0.163373993456061	10.9685518575454	37.4657257858165	0.07313679	0.07313679	FALSE	0.301488813453028	0.163737359309254	11.2454189191304	37.2996224647069	0.06557831	0.06557831	0.561224489795918	0.491130820399113	98	902	30	50	212	462
1	27	rs27	A	C	234	0.117	0	-0.223602361704147	0.257666826884313	-3.36790139505292	15.0620117309362	0.3855058	0.3855058	FALSE	-0.211606995955056	0.258098717530426	-3.17656925866128	15.0116457365898	0.4122911	0.4122911	0.102040816326531	0.118625277161863	98	902	0	20	10	194
1	28	rs28	A	C	1	5e-04	0	-1.08450225389225	7.17325511497559	-0.021076471499753	0.0194342348520808	0.8798283	0.8798283	FALSE	-1.07029216047047	7.17328151182714	-0.0208001561217111	0.0194340918208425	0.8813916	0.8813916	0	0.000554323725055432	98	902	0	0	0	1
1	29	rs29	A	C	531	0.2655	0	-0.167190242413043	0.186321799267655	-4.81596795615034	28.8053171443613	0.3695483	0.3695483	FALSE	-0.173511164663287	0.186671522465202	-4.97933431335521	28.6974865451339	0.3526301	0.3526301	0.219387755102041	0.270509977827051	98	902	5	33	64	360
1	30	rs30	A	C	351	0.1755	0	-0.150454922602811	0.208533161643122	-3.45984104145186	22.9958646855681	0.4706071	0.4706071	FALSE	-0.145357839769466	0.208737240190109	-3.33609635564151	22.9509214015046	0.4861987	0.4861987	0.147959183673469	0.178492239467849	98	902	5	19	34	254
1	31	rs31	A	C	16	0.008	0	-1.16721010471897	1.0826100442753	-0.99587523919617	0.853209919250957	0.2809693	0.2809693	FALSE	-1.15321525655485	1.08278889443472	-0.98360967902639	0.852928083838272	0.2868571	0.2868571	0	0.00886917960088692	98	902	0	0	0	16
1	32	rs32	A	C	1	5e-04	0	2.53647853336521	2.0906841698097	0.580302350169592	0.228782677454672	0.2250423	0.2250423	FALSE	2.55095770416817	2.0907752415246	0.583564091577888	0.22876274687909	0.2224265	0.2224265	0.00510204081632653	0	98	902	0	1	0	0
1	33	rs33	A	C	17	0.0085	0	-0.392750046664208	0.920590761980844	-0.463428800654275	1.17995861385727	0.6696501	0.6696501	FALSE	-0.431198292500969	0.924988545226133	-0.503969580390199	1.16876525059307	0.6410966	0.6410966	0.00510204081632653	0.00886917960088692	98	902	0	1	0	16
1	34	rs34	A	C	4	0.002	0	1.90975355364075	1.77419875587637	0.606698311260952	0.317684085522106	0.2817469	0.2817469	FALSE	1.92426049359312	1.77430632716943	0.611232813757556	0.317645566072096	0.2781369	0.2781369	0.00510204081632653	0.0016629711751663	98	902	0	1	0	3
1	35	rs35	A	C	5	0.0025	0	-1.15452479225298	2.02489315727911	-0.281578206150159	0.243891000037061	0.5685653	0.5685653	FALSE	-1.1403709677456	2.0249872257451	-0.278100376266265	0.243868341208335	0.5733329	0.5733329	0	0.00277161862527716	98	902	0	0	0	5
1	37	rs37	A	C	34	0.017	0	-0.398651369927273	0.668003314791731	-0.893379588571615	2.24100468721478	0.5506539	0.5506539	FALSE	-0.384342960735104	0.668304667084192	-0.860537782971272	2.23898411284907	0.5652227	0.5652227	0.0102040816326531	0.0177383592017738	98	902	0	2	0	32
1	38	rs38	A	C	102	0.051	0	0.964140882015012	0.379193814694963	6.72596965914417	6.97612743594814	0.011002887818256	0.01088019	TRUE	0.966130616430177	0.379560875618002	6.72778957999327	6.96364390650639	0.0109155617979721	0.01078791	0.0816326530612245	0.0476718403547672	98	902	0	16	2	82
1	42	rs42	A	C	1	5e-04	0	-1.11728886827485	4.75118781075598	-0.0494949711769941	0.0442991714876894	0.8140846	0.8140846	FALSE	-1.10308480875075	4.75122769034267	-0.0488649227992966	0.0442984278376896	0.8164072	0.8164072	0	0.000554323725055432	98	902	0	0	0	1
1	44	rs44	A	C	1	5e-04	0	-8.52027610473236	6.85247575394224	0.935086985593791	0.0571467011526986	4.63745258587155e-05	9.167986e-05	TRUE	16.3775012529045	3.19633237123525	0.935899895102443	0.0571454631967417	2.99372271369948e-07	9.03814e-05	0.00510204081632653	0	98	902	0	1	0	0
1	45	rs45	A	C	5	0.0025	0	-1.36778386261118	1.34619444836336	-0.754747850955739	0.551803447596523	0.3096116	0.3096116	FALSE	-1.35375282101949	1.34633711163054	-0.746847170842018	0.551686511190116	0.3146523	0.3146523	0	0.00277161862527716	98	902	0	0	0	5
1	46	rs46	A	C	8	0.004	0	-1.36313804362264	1.11578927743519	-1.09490256063078	0.803222069659938	0.2218285	0.2218285	FALSE	-1.34919091699419	1.11596257356252	-1.08336337462907	0.802972626767051	0.2266655	0.2266655	0	0.00443458980044346	98	902	0	0	0	8
1	48	rs48	A	C	580	0.29	0	-0.270061191283261	0.178174034565756	-8.50693962489968	31.5000448027238	0.1295912	0.1295912	FALSE	-0.265580494217176	0.178246807683808	-8.3589678251806	31.4743289028792	0.1362349	0.1362349	0.239795918367347	0.295454545454545	98	902	3	41	85	363
1	49	rs49	A	C	7	0.0035	0	-1.16465546490474	1.53050514791425	-0.497196290130305	0.426904183350886	0.4466801	0.4466801	FALSE	-1.15054925220931	1.53063021131106	-0.49109402731865	0.426834423972413	0.4522415	0.4522415	0	0.00388026607538803	98	902	0	0	0	7
1	50	rs50	A	C	145	0.0725	0	-0.109834280745923	0.308969417729028	-1.15055377463654	10.4753613063493	0.7222256	0.7222256	FALSE	-0.0990838520871484	0.309243094421035	-1.03610283399719	10.4568283546939	0.7486593	0.7486593	0.0612244897959184	0.0737250554323725	98	902	0	12	9	115
1	54	rs54	A	C	216	0.108	0	-0.396070412590054	0.269316237940071	-5.46068748215883	13.7871633643355	0.1413853	0.1413853	FALSE	-0.391220391944629	0.269488768879541	-5.38691525025514	13.7695154986133	0.1465814	0.1465814	0.076530612244898	0.111419068736142	98	902	0	15	9	183
1	55	rs55	A	C	1	5e-04	0	-1.24055310262424	2.9438786190154	-0.143144794871778	0.115387881880246	0.6734624	0.6734624	FALSE	-1.22637104629886	2.94394310238064	-0.141502158374948	0.115382827083203	0.6769898	0.6769898	0	0.000554323725055432	98	902	0	0	0	1
1	56	rs56	A	C	2	0.001	0	3.36126329136162	2.10102433247441	1.46440686437989	0.313140097766943	0.00466110356117609	0.008872405	TRUE	4.69135637859902	1.60934780202649	1.46887624015495	0.313102676841107	0.00355612395824822	0.008662973	0.0102040816326531	0	98	902	0	2	0	0
1	57	rs57	A	C	366	0.183	0	-0.249821357882578	0.206935955290188	-5.83388215546555	23.3522153786692	0.2273397	0.2273397	FALSE	-0.249299333703551	0.206941226761431	-5.8213951430465	23.3510256789089	0.2283243	0.2283243	0.158163265306122	0.18569844789357	98	902	0	31	38	259
1	58	rs58	A	C	5	0.0025	0	0.993789866377804	1.50094584222363	0.441127893144445	0.443884475047307	0.5079013	0.5079013	FALSE	1.00825868823418	1.50107342656261	0.447474302323441	0.443809021975428	0.5017799	0.5017799	0.00510204081632653	0.00221729490022173	98	902	0	1	0	4
1	60	rs60	A	C	11	0.0055	0	1.25986307515225	0.953672839349125	1.38523839146507	1.09951503364576	0.1864799	0.1864799	FALSE	1.27483314595869	0.953877242924888	1.40109754208368	1.09904386038695	0.181394	0.181394	0.0153061224489796	0.00443458980044346	98	902	0	3	0	8
1	61	rs61	A	C	3	0.0015	0	-1.22104129008897	1.94647202788765	-0.322280490590675	0.263939060215722	0.5304561	0.5304561	FALSE	-1.20689916980056	1.94656993840902	-0.318515788183337	0.263912509141896	0.5352491	0.5352491	0	0.0016629711751663	98	902	0	0	0	3
1	62	rs62	A	C	1	5e-04	0	-1.14528407154795	3.97456707637489	-0.0724992575774144	0.0633024237204531	0.7732295	0.7732295	FALSE	-1.52155689529758	4.04329053311323	-0.0930718397283502	0.0611688199212214	0.7066816	0.7066816	0	0.000554323725055432	98	902	0	0	0	1
1	64	rs64	A	C	869	0.4345	0	0.219569918359548	0.158059792875933	8.78880893921458	40.0273817327873	0.1647849	0.1647849	FALSE	0.230898207751835	0.158589265238295	9.18064063809388	39.7605539145677	0.1454062	0.1454062	0.489795918367347	0.428492239467849	98	902	24	48	175	423
1	65	rs65	A	C	5	0.0025	0	-1.13822519997974	2.00232303899075	-0.283896414542149	0.249420250533201	0.5697279	0.5697279	FALSE	-1.12407120829799	2.00241818176694	-0.280339480425877	0.249396549218935	0.5745543	0.5745543	0	0.00277161862527716	98	902	0	0	0	5
1	66	rs66	A	C	567	0.2835	0	0.122479404880011	0.173472498342495	4.07006927318084	33.2306421407594	0.4801601	0.4801601	FALSE	0.127780855362584	0.173898125160443	4.22547942535071	33.068172954084	0.4624595	0.4624595	0.301020408163265	0.28159645232816	98	902	15	29	71	366
1	68	rs68	A	C	545	0.2725	0	-0.00519384204615447	0.181584995403143	-0.157517503160731	30.3277423073267	0.9771814	0.9771814	FALSE	0.00766733272965778	0.182146912075246	0.231100393015037	30.1409109482264	0.9664236	0.9664236	0.270408163265306	0.272727272727273	98	902	9	35	64	364
1	70	rs70	A	C	12	0.006	0	-0.208316566495961	1.02064062239764	-0.199976106990742	0.959962572129945	0.8382724	0.8382724	FALSE	-0.193992370897147	1.02083088494175	-0.186156004392636	0.959604769670728	0.8492826	0.8492826	0.00510204081632653	0.00609756097560976	98	902	0	1	0	11
1	71	rs71	A	C	45	0.0225	0	0.279374904991556	0.526784055431239	1.0067511863284	3.60358489019918	0.5958759	0.5958759	FALSE	0.294771589946374	0.52718201425925	1.0606313351514	3.59814639987645	0.5760622	0.5760622	0.0306122448979592	0.0216186252771619	98	902	0	6	0	39
1	72	rs72	A	C	3	0.0015	0	-1.16004814141458	2.24082311950911	-0.231026000297528	0.199152080029896	0.6046757	0.6046757	FALSE	-1.14588356944968	2.24090802249641	-0.228187804295329	0.199136989463003	0.6091075	0.6091075	0	0.0016629711751663	98	902	0	0	0	3
1	74	rs74	A	C	7	0.0035	0	0.517657393604286	1.47927923729457	0.236560428395332	0.456982613052691	0.7263845	0.7263845	FALSE	0.504176178631745	1.47996002808303	0.230187825679318	0.456562280082355	0.7333529	0.7333529	0.00510204081632653	0.00332594235033259	98	902	0	1	0	6
1	75	rs75	A	C	60	0.03	0	-0.092058502660213	0.44634087436889	-0.462094274020914	5.01957190990276	0.8365944	0.8365944	FALSE	-0.0868940376024264	0.446410191922953	-0.436035425572548	5.01801317562866	0.8456664	0.8456664	0.0306122448979592	0.0299334811529933	98	902	0	6	2	50
1	76	rs76	A	C	2	0.001	0	-1.27929265321933	2.25838598193123	-0.250826585962821	0.196066619574199	0.5710789	0.5710789	FALSE	-1.26513620124142	2.25847021775964	-0.24803247514307	0.196051994164492	0.5753608	0.5753608	0	0.00110864745011086	98	902	0	0	0	2
1	77	rs77	A	C	2	0.001	0	-1.19102649216873	2.60955833824789	-0.174899030149174	0.146847304656256	0.6480957	0.6480957	FALSE	-1.1768505178151	2.60963114335883	-0.172807683928691	0.146839111095876	0.6520153	0.6520153	0	0.00110864745011086	98	902	0	0	0	2
1	78	rs78	A	C	2	0.001	0	-1.226455337611	2.16423766244667	-0.261843523701796	0.213496175255626	0.5709237	0.5709237	FALSE	-1.2122997699303	2.16432560332867	-0.258800331710387	0.213478826054109	0.575392	0.575392	0	0.00110864745011086	98	902	0	0	0	2
1	79	rs79	A	C	22	0.011	0	0.332669498694513	0.746932001160833	0.596280834656499	1.79241209968594	0.6560443	0.6560443	FALSE	-2.5	Inf	5.55111512312578e-16	-2.22044604925031e-16	1	1	0.0153061224489796	0.0105321507760532	98	902	0	3	0	19
1	81	rs81	A	C	314	0.157	0	0.206111715028953	0.218741229728918	4.30765961215944	20.8996349943249	0.3460581	0.3460581	FALSE	0.210686224384333	0.219017126661723	4.3921785464439	20.8470134166518	0.3360685	0.3360685	0.178571428571429	0.154656319290466	98	902	5	25	20	239
1	83	rs83	A	C	48	0.024	0	-1.00802778360559	0.541789734201196	-3.43408435407294	3.40673581613954	0.06280752	0.06280752	FALSE	-0.994530911059995	0.542174349049193	-3.38329878336373	3.40190409944899	0.06660386	0.06660386	0.00510204081632653	0.0260532150776053	98	902	0	1	0	47
1	84	rs84	A	C	2	0.001	0	-1.44447008804695	2.12905268075419	-0.318666006354452	0.220611010910802	0.4974822	0.4974822	FALSE	-1.43033480338381	2.12914209183517	-0.315521105292669	0.22059248264548	0.5017179	0.5017179	0	0.00110864745011086	98	902	0	0	0	2
1	85	rs85	A	C	2	0.001	0	-1.23283019250646	2.50454561906276	-0.19653747345464	0.159419743813267	0.6225518	0.6225518	FALSE	-1.21866005289736	2.50462150205378	-0.194266701423434	0.159410084019384	0.6265669	0.6265669	0	0.00110864745011086	98	902	0	0	0	2
1	86	rs86	A	C	304	0.152	0	0.219771873558932	0.226892943421611	4.26903909777686	19.4248655601151	0.3327374	0.3327374	FALSE	0.226638552994836	0.227091492078899	4.39472861088803	19.3909136500186	0.3182767	0.3182767	0.178571428571429	0.149113082039911	98	902	4	27	15	239
1	89	rs89	A	C	1	5e-04	0	-1.13992988077271	4.08878215213721	-0.0681852117345812	0.0598152683640168	0.7804026	0.7804026	FALSE	-1.12572995319579	4.08882851139882	-0.0673343123529011	0.0598139119970543	0.7830716	0.7830716	0	0.000554323725055432	98	902	0	0	0	1
1	90	rs90	A	C	135	0.0675	0	-0.000807768223968925	0.309135198924797	-0.0084525908891252	10.4641289893701	0.9979151	0.9979151	FALSE	0.0109490098122865	0.309490260293945	0.114309117652089	10.4401329080751	0.9717787	0.9717787	0.0663265306122449	0.0676274944567627	98	902	2	9	6	110
1	91	rs91	A	C	13	0.0065	0	0.786555195167056	1.01795279478111	0.759056189216541	0.965038682447867	0.4397098	0.4397098	FALSE	0.801252952606646	1.01814358617814	0.772950323687964	0.964677036350871	0.4312968	0.4312968	0.0102040816326531	0.00609756097560976	98	902	0	2	0	11
1	92	rs92	A	C	217	0.1085	0	-0.249490961138661	0.253462777246556	-3.88352797247589	15.5658062911446	0.3249534	0.3249534	FALSE	-0.24589288858312	0.254104067589842	-3.80822618228416	15.4873376136571	0.3332013	0.3332013	0.0918367346938776	0.110310421286031	98	902	3	12	10	179
1	94	rs94	A	C	699	0.3495	0	-0.0572423636758894	0.168865843055447	-2.00740006292678	35.068434180895	0.7346238	0.7346238	FALSE	-0.0680912587401783	0.169750122355263	-2.36304053063764	34.7040218430165	0.6883271	0.6883271	0.341836734693878	0.350332594235033	98	902	10	47	109	414
1	96	rs96	A	C	219	0.1095	0	0.339407394366284	0.254432553663829	5.24295277624194	15.4473734611209	0.1822111	0.1822111	FALSE	0.354739752229927	0.255029756877455	5.45416339832018	15.3751119349743	0.1642333	0.1642333	0.137755102040816	0.106430155210643	98	902	1	25	12	168
1	97	rs97	A	C	801	0.4005	0	-0.285012663525978	0.165657749287263	-10.3858164683947	36.4398421456389	0.08534323	0.08534323	FALSE	-0.276997703076891	0.166156691276165	-10.0332237390726	36.2213246811203	0.09549706	0.09549706	0.346938775510204	0.406319290465632	98	902	10	48	148	437
1	98	rs98	A	C	4	0.002	0	-1.19032554973868	2.1594031551245	-0.255269126592181	0.21445320286389	0.5814767	0.5814767	FALSE	-1.17616729770485	2.15949129512783	-0.252212254664172	0.214435697333478	0.5859941	0.5859941	0	0.00221729490022173	98	902	0	0	0	4
1	99	rs99	A	C	284	0.142	0	-0.469401548212515	0.238723203786028	-8.23673794807193	17.5473173862283	0.04926391	0.04926391	FALSE	-0.474624785095872	0.239675602575002	-8.26233420123002	17.4081389356038	0.04767208	0.04767208	0.0918367346938776	0.147450110864745	98	902	0	18	17	232
