CHR	POS	MarkerID	Allele1	Allele2	AC_Allele2	AF_Allele2	MissingRate	BETA	SE	Tstat	var	p.value	p.value.NA	Is.SPA.converge	BETA_c	SE_c	Tstat_c	var_c	p.value_c	p.value.NA_c	AF_caseVec	AF_ctrlVec	N_caseVec	N_ctrlVec	N_case_hom	N_case_het	N_ctrl_hom	N_ctrl_het
1	3	rs3	A	C	2	0.001	0	-1.09724067292593	4.21349994469493	-0.0618039044897547	0.056326661975578	0.794547	0.794547	FALSE	-1.08303963783551	4.2135449275386	-0.0610027050637506	0.0563254593208304	0.7971497	0.7971497	0	0.00110864745011086	98	902	0	0	0	2
1	4	rs4	A	C	20	0.01	0	-0.145559713190618	0.774590041811192	-0.24260367338888	1.66669518695175	0.8509406	0.8509406	FALSE	-0.131110110725837	0.774845705539226	-0.218376410649431	1.66559550167779	0.865633	0.865633	0.0102040816326531	0.00997782705099778	98	902	0	2	0	18
1	8	rs8	A	C	3	0.0015	0	-1.16332088519726	2.2072905831176	-0.238770409433527	0.20524896653346	0.5981688	0.5981688	FALSE	-1.1491587514118	2.20737678973099	-0.235845223692009	0.205232935312254	0.602646	0.602646	0	0.0016629711751663	98	902	0	0	0	3
1	9	rs9	A	C	4	0.002	0	-1.36781957297622	1.55896492517607	-0.562802639575585	0.411459706159191	0.3802751	0.3802751	FALSE	-1.35374204539952	1.55908765455891	-0.556922613391881	0.411394929546952	0.385235	0.385235	0	0.00221729490022173	98	902	0	0	0	4
1	10	rs10	A	C	4	0.002	0	0.694118248063494	1.47807222915473	0.317718239447478	0.457729270673799	0.6386333	0.6386333	FALSE	-1.17499941525846	2.83888065501155	-0.145795251591084	0.124081126933169	0.6789508	0.6789508	0.00510204081632653	0.0016629711751663	98	902	0	1	0	3
1	11	rs11	A	C	2	0.001	0	-1.11241561045479	3.52023181273565	-0.0897686197931623	0.0806970155304297	0.7519977	0.7519977	FALSE	-1.09822054294329	3.52028568904206	-0.0886204075606661	0.0806945454900692	0.755064	0.755064	0	0.00110864745011086	98	902	0	0	0	2
1	12	rs12	A	C	30	0.015	0	-0.0966122362023666	0.656202831908374	-0.224365425766057	2.32232928856025	0.8829511	0.8829511	FALSE	-0.0820177273040239	0.656510324907665	-0.190293787292613	2.32015435623119	0.9005791	0.9005791	0.0153061224489796	0.0149667405764967	98	902	0	3	0	27
1	13	rs13	A	C	2	0.001	0	1.3900174142176	1.72843434685865	0.465280086304922	0.334729681474396	0.421278	0.421278	FALSE	0.75	Inf	-8.32667268468867e-16	-1.11022302462516e-15	1	1	0.00510204081632653	0.000554323725055432	98	902	0	1	0	1
1	14	rs14	A	C	75	0.0375	0	-0.0758534418958739	0.429637337291004	-0.410933227602362	5.41746316754434	0.8598601	0.8598601	FALSE	-0.0621327461759574	0.430055676946625	-0.335947318802273	5.40692854378082	0.8851246	0.8851246	0.0306122448979592	0.0382483370288248	98	902	1	4	2	65
1	15	rs15	A	C	244	0.122	0	-0.281087420501401	0.246945028452869	-4.60936219501139	16.3983225815985	0.2550123	0.2550123	FALSE	-0.271363223763864	0.247206852322781	-4.44048063467232	16.363605108614	0.272328	0.272328	0.0969387755102041	0.124722838137472	98	902	2	15	12	201
1	16	rs16	A	C	3	0.0015	0	2.10852923400286	1.82662895313264	0.631944520299817	0.29970868324179	0.2483657	0.2483657	FALSE	2.12304156580868	1.82673338661143	0.636221240986013	0.299674415815628	0.2451516	0.2451516	0.00510204081632653	0.00110864745011086	98	902	0	1	0	2
1	17	rs17	A	C	12	0.006	0	-0.0210023066845841	0.83524929318572	-0.030104731791256	1.4334012088945	0.9799393	0.9799393	FALSE	-0.00651678360669559	0.835484844714986	-0.00933589905936065	1.43259307394657	0.9937766	0.9937766	0.0102040816326531	0.00554323725055432	98	902	0	2	0	10
1	18	rs18	A	C	3	0.0015	0	-1.3785630481252	1.62196992704292	-0.524011765055234	0.38011447192631	0.3953633	0.3953633	FALSE	-1.36447660050636	1.62208779027069	-0.518581932427104	0.38005923460663	0.4002441	0.4002441	0	0.0016629711751663	98	902	0	0	0	3
1	20	rs20	A	C	762	0.381	0	-0.000829383627235838	0.165050239488036	-0.0304455020557295	36.7085882285836	0.9959906	0.9959906	FALSE	-0.00672208010942638	0.165349627909902	-0.245865300366355	36.5757765995049	0.9675719	0.9675719	0.36734693877551	0.382483370288248	98	902	14	44	128	434
1	22	rs22	A	C	459	0.2295	0	0.0104561499240904	0.185150765559041	0.305014704964212	29.1708427268697	0.9549644	0.9549644	FALSE	-0.00590359364297982	0.186321009385764	-0.170056329028401	28.805561377115	0.9747232	0.9747232	0.255102040816327	0.226718403547672	98	902	7	36	43	323
1	23	rs23	A	C	607	0.3035	0	-0.438750943893465	0.174285367685981	-14.4691690305289	32.9780920859789	0.0118214975641344	0.01174898	TRUE	-0.441599081332665	0.174973641264922	-14.4491343266602	32.7200280468323	0.0116092813651787	0.01153663	0.229591836734694	0.311529933481153	98	902	5	35	93	376
1	26	rs26	A	C	996	0.498	0	0.2927615087847	0.163372577126112	10.9687125889624	37.4663753937302	0.07313507	0.07313507	FALSE	0.301487520551982	0.163735904410623	11.2455705399738	37.3002853298363	0.06557707	0.06557707	0.561224489795918	0.491130820399113	98	902	30	50	212	462
1	27	rs27	A	C	234	0.117	0	-0.223605087154008	0.257664230731422	-3.36801031504921	15.06231525372	0.3854952	0.3854952	FALSE	-0.211610169681138	0.25809612344196	-3.17668075730868	15.0119474980594	0.4122794	0.4122794	0.102040816326531	0.118625277161863	98	902	0	20	10	194
1	28	rs28	A	C	1	5e-04	0	-1.08448481981214	7.17318788043297	-0.0210765277782649	0.0194345991693235	0.8798291	0.8798291	FALSE	-1.07027537372474	7.17321427749413	-0.0208002198008061	0.0194344561329275	0.8813923	0.8813923	0	0.000554323725055432	98	902	0	0	0	1
1	29	rs29	A	C	531	0.2655	0	-0.167182492480617	0.186320144324711	-4.81583026660945	28.8058288589505	0.3695662	0.3695662	FALSE	-0.173503882439903	0.186669861052177	-4.97921396340758	28.697997378429	0.352646	0.352646	0.219387755102041	0.270509977827051	98	902	5	33	64	360
1	30	rs30	A	C	351	0.1755	0	-0.15043876042442	0.208531685805589	-3.45951834563814	22.9961901831555	0.4706516	0.4706516	FALSE	-0.145341178511714	0.208735756069046	-3.33576139876001	22.9512477669304	0.4862456	0.4862456	0.147959183673469	0.178492239467849	98	902	5	19	34	254
1	31	rs31	A	C	16	0.008	0	-1.16719239130714	1.08260079883472	-0.99587713535582	0.853224492185502	0.2809725	0.2809725	FALSE	-1.15319819833356	1.08277965025659	-0.983611924452372	0.852942647563751	0.2868601	0.2868601	0	0.00886917960088692	98	902	0	0	0	16
1	32	rs32	A	C	1	5e-04	0	2.53652726714097	2.09068045144472	0.580315563840095	0.228783491255032	0.2250326	0.2250326	FALSE	2.55100579281296	2.09077152318252	0.583577168193742	0.2287635605681	0.2224169	0.2224169	0.00510204081632653	0	98	902	0	1	0	0
1	33	rs33	A	C	17	0.0085	0	-0.392743355604492	0.920581722575002	-0.463430006400514	1.17998178654665	0.6696523	0.6696523	FALSE	-0.431187897350934	0.924979497408268	-0.503967290010152	1.16878811559032	0.6411014	0.6411014	0.00510204081632653	0.00886917960088692	98	902	0	1	0	16
1	34	rs34	A	C	4	0.002	0	1.90971020091007	1.77418082785601	0.606696799892229	0.317690505922369	0.2817529	0.2817529	FALSE	1.92421649010602	1.77428840008294	0.61123118759474	0.31765198497029	0.278143	0.278143	0.00510204081632653	0.0016629711751663	98	902	0	1	0	3
1	35	rs35	A	C	5	0.0025	0	-1.15451489612528	2.02478530635429	-0.281605789846307	0.243916982614444	0.568548	0.568548	FALSE	-1.14036172719461	2.02487937974936	-0.278127746842036	0.243894318977413	0.5733156	0.5733156	0	0.00277161862527716	98	902	0	0	0	5
1	37	rs37	A	C	34	0.017	0	-0.398633719654298	0.66799923015105	-0.893350959342139	2.24103209361433	0.5506691	0.5506691	FALSE	-0.38432596929291	0.668300583718761	-0.860510254866921	2.23901147364593	0.5652375	0.5652375	0.0102040816326531	0.0177383592017738	98	902	0	2	0	32
1	38	rs38	A	C	102	0.051	0	0.964135759726784	0.379191194582499	6.72602892728651	6.97622597173713	0.011002759977025	0.01088005	TRUE	0.966126152564054	0.379558264651344	6.72785372223206	6.96374247232274	0.0109153820656726	0.01078772	0.0816326530612245	0.0476718403547672	98	902	0	16	2	82
1	42	rs42	A	C	1	5e-04	0	-1.11727130462433	4.75114430743514	-0.0494950995020517	0.0442999827322101	0.8140858	0.8140858	FALSE	-1.10306789266659	4.75118418732983	-0.0488650682722789	0.0442992390560394	0.8164084	0.8164084	0	0.000554323725055432	98	902	0	0	0	1
1	44	rs44	A	C	1	5e-04	0	16.3636253267441	4.01732242101269	0.935090799677638	0.0571444763006985	4.63583025367299e-05	9.16449e-05	TRUE	16.3782044209303	3.19675558253196	0.935903640493633	0.0571432384430132	3.00101287031911e-07	9.034699e-05	0.00510204081632653	0	98	902	0	1	0	0
1	45	rs45	A	C	5	0.0025	0	-1.36773968463669	1.34619749188926	-0.754720060795528	0.551800952529943	0.3096283	0.3096283	FALSE	-1.35370928639231	1.34634015457938	-0.746819777494424	0.551684017389533	0.3146689	0.3146689	0	0.00277161862527716	98	902	0	0	0	5
1	46	rs46	A	C	8	0.004	0	-1.36310344933038	1.11579680204396	-1.09486000674813	0.8032112363049	0.2218433	0.2218433	FALSE	-1.34915696476961	1.11597009663087	-1.08332150582439	0.802961800674828	0.2266804	0.2266804	0	0.00443458980044346	98	902	0	0	0	8
1	48	rs48	A	C	580	0.29	0	-0.270056093767124	0.178172274482794	-8.50694712295496	31.5006671550641	0.1295947	0.1295947	FALSE	-0.265575946859822	0.178245031515163	-8.35899128832407	31.4749561741605	0.1362377	0.1362377	0.239795918367347	0.295454545454545	98	902	3	41	85	363
1	49	rs49	A	C	7	0.0035	0	-1.16463796000005	1.53050061034817	-0.497191765308078	0.426906714691024	0.4466856	0.4466856	FALSE	-1.15053239724458	1.5306256739177	-0.491089744603665	0.426836954595785	0.4522468	0.4522468	0	0.00388026607538803	98	902	0	0	0	7
1	50	rs50	A	C	145	0.0725	0	-0.109833915846113	0.308965972936309	-1.15057560826135	10.4755948961468	0.7222235	0.7222235	FALSE	-0.0990837786893436	0.309239659127264	-1.03612508640013	10.4570606824421	0.7486568	0.7486568	0.0612244897959184	0.0737250554323725	98	902	0	12	9	115
1	54	rs54	A	C	216	0.108	0	-0.396072416221153	0.269312487397607	-5.46086720336842	13.7875473769909	0.1413778	0.1413778	FALSE	-0.391222178638414	0.269485019247804	-5.38708976165481	13.7698986811119	0.1465739	0.1465739	0.076530612244898	0.111419068736142	98	902	0	15	9	183
1	55	rs55	A	C	1	5e-04	0	-1.24053420054008	2.94385876501935	-0.143144544573978	0.115389438285263	0.673465	0.673465	FALSE	-1.22635279231846	2.94392324872601	-0.141501960722482	0.115384383359187	0.6769923	0.6769923	0	0.000554323725055432	98	902	0	0	0	1
1	56	rs56	A	C	2	0.001	0	4.6767073465023	1.65282665815075	1.4644573035754	0.313138538521267	0.00466177750772927	0.008869893	TRUE	4.6915401082269	1.60943872739275	1.46892645316474	0.313101118029213	0.0035566997722068	0.008660524	0.0102040816326531	0	98	902	0	2	0	0
1	57	rs57	A	C	366	0.183	0	-0.249801027221606	0.206934655589324	-5.83348066584473	23.352508717547	0.2273746	0.2273746	FALSE	-0.249279623573692	0.206939918241747	-5.82100850524386	23.3513209856202	0.2283581	0.2283581	0.158163265306122	0.18569844789357	98	902	0	31	38	259
1	58	rs58	A	C	5	0.0025	0	0.993771726055849	1.50093505893033	0.441126179308269	0.443890853142947	0.507906	0.507906	FALSE	1.00823989556618	1.50106264399589	0.447472390545536	0.443815398015227	0.5017848	0.5017848	0.00510204081632653	0.00221729490022173	98	902	0	1	0	4
1	60	rs60	A	C	11	0.0055	0	1.25977018533872	0.95365884284222	1.38517691630762	1.09954730825383	0.186506	0.186506	FALSE	1.27473957692407	0.95386324918797	1.40103581275082	1.09907610786786	0.1814197	0.1814197	0.0153061224489796	0.00443458980044346	98	902	0	3	0	8
1	61	rs61	A	C	3	0.0015	0	-1.22101791271021	1.94646941077214	-0.322275187012464	0.263939769972033	0.5304634	0.5304634	FALSE	-1.20687644049363	1.94656732127359	-0.318510646100352	0.263913218796513	0.5352562	0.5352562	0	0.0016629711751663	98	902	0	0	0	3
1	62	rs62	A	C	1	5e-04	0	-1.14527061520372	3.9744459763171	-0.0725028238305319	0.0633062813871597	0.7732254	0.7732254	FALSE	-1.52150978553601	4.04316912206956	-0.0930745476402191	0.0611724936145779	0.7066819	0.7066819	0	0.000554323725055432	98	902	0	0	0	1
1	64	rs64	A	C	869	0.4345	0	0.219556571354951	0.158057988716759	8.78847532293097	40.0282955262719	0.1648058	0.1648058	FALSE	0.230884932969893	0.158587469013274	9.18032078183803	39.7614546074998	0.1454247	0.1454247	0.489795918367347	0.428492239467849	98	902	24	48	175	423
1	65	rs65	A	C	5	0.0025	0	-1.13820914364536	2.00227851634439	-0.28390503516551	0.24943134286924	0.5697247	0.5697247	FALSE	-1.12405580321169	2.00237366111584	-0.280348104519299	0.249407639476865	0.574551	0.574551	0	0.00277161862527716	98	902	0	0	0	5
1	66	rs66	A	C	567	0.2835	0	0.122475681344989	0.173470893782991	4.07002082989079	33.2312568927571	0.4801694	0.4801694	FALSE	0.127777539467372	0.173896519741838	4.22544779263044	33.0687835299051	0.462467	0.462467	0.301020408163265	0.28159645232816	98	902	15	29	71	366
1	68	rs68	A	C	545	0.2725	0	-0.00518596898180192	0.181583561754286	-0.157281214415632	30.3282211998466	0.9772158	0.9772158	FALSE	0.00767474731068805	0.182145462494482	0.23132755717766	30.1413906951057	0.9663909	0.9663909	0.270408163265306	0.272727272727273	98	902	9	35	64	364
1	70	rs70	A	C	12	0.006	0	-0.208289492082056	1.02064020422983	-0.199950280410405	0.959963358745115	0.8382931	0.8382931	FALSE	-0.193965945470973	1.02083046648764	-0.186130799023299	0.959605556384399	0.8493029	0.8493029	0.00510204081632653	0.00609756097560976	98	902	0	1	0	11
1	71	rs71	A	C	45	0.0225	0	0.279388984554325	0.526780127496301	1.00681693771698	3.6036386306462	0.5958546	0.5958546	FALSE	0.294785011155386	0.527178088532823	1.06069542376823	3.59819998856427	0.576042	0.576042	0.0306122448979592	0.0216186252771619	98	902	0	6	0	39
1	72	rs72	A	C	3	0.0015	0	-1.16002916043594	2.24082237804383	-0.23102237308197	0.199152211824702	0.6046815	0.6046815	FALSE	-1.14586523654456	2.24090728092932	-0.228184304558453	0.199137121260925	0.6091131	0.6091131	0	0.0016629711751663	98	902	0	0	0	3
1	74	rs74	A	C	7	0.0035	0	0.517587361262989	1.47923900970717	0.236541289687436	0.45700746847883	0.7264129	0.7264129	FALSE	0.504108709825973	1.47991975706799	0.230169548029097	0.45658712801958	0.7333803	0.7333803	0.00510204081632653	0.00332594235033259	98	902	0	1	0	6
1	75	rs75	A	C	60	0.03	0	-0.0920795467468416	0.44633290350533	-0.462216414925241	5.01975119616991	0.8365547	0.8365547	FALSE	-0.0869152745497811	0.446402225030544	-0.436157560551402	5.01819228910783	0.8456265	0.8456265	0.0306122448979592	0.0299334811529933	98	902	0	6	2	50
1	76	rs76	A	C	2	0.001	0	-1.27929428676382	2.25830052499656	-0.250845889817299	0.196081458670354	0.5710639	0.5710639	FALSE	-1.26513848874364	2.25838476391666	-0.248051694344382	0.196066831063462	0.5753456	0.5753456	0	0.00110864745011086	98	902	0	0	0	2
1	77	rs77	A	C	2	0.001	0	-1.19100900018165	2.60952582332361	-0.17490081997616	0.146850964140057	0.6480965	0.6480965	FALSE	-1.17683367467726	2.60959862923906	-0.172809516834083	0.14684277018286	0.6520159	0.6520159	0	0.00110864745011086	98	902	0	0	0	2
1	78	rs78	A	C	2	0.001	0	-1.22642596868502	2.16427314364481	-0.261828668473715	0.213489175179851	0.5709393	0.5709393	FALSE	-1.21227104631678	2.16436108293326	-0.258785715253336	0.213471827145917	0.5754073	0.5754073	0	0.00110864745011086	98	902	0	0	0	2
1	79	rs79	A	C	22	0.011	0	0.3326354664122	0.74691895167804	0.596240668176002	1.79247473099319	0.6560716	0.6560716	FALSE	0.166666666666667	Inf	-2.22044604925031e-16	-1.33226762955019e-15	1	1	0.0153061224489796	0.0105321507760532	98	902	0	3	0	19
1	81	rs81	A	C	314	0.157	0	0.206123131580419	0.218740076308294	4.30794364529781	20.8998554032596	0.3460289	0.3460289	FALSE	0.210698250692423	0.219015954549903	4.39247627326903	20.8472365519597	0.3360384	0.3360384	0.178571428571429	0.154656319290466	98	902	5	25	20	239
1	83	rs83	A	C	48	0.024	0	-1.00801529556743	0.541781142211333	-3.43415073094123	3.40684387036815	0.06280661	0.06280661	FALSE	-0.994519120085445	0.54216576310715	-3.38336582957494	3.40201184798162	0.06660278	0.06660278	0.00510204081632653	0.0260532150776053	98	902	0	1	0	47
1	84	rs84	A	C	2	0.001	0	-1.44443997970161	2.12905451786153	-0.318658814195965	0.220610630191635	0.4974915	0.4974915	FALSE	-1.43030534206535	2.12914392872634	-0.315514061935293	0.220592102019064	0.501727	0.501727	0	0.00110864745011086	98	902	0	0	0	2
1	85	rs85	A	C	2	0.001	0	-1.23280108819784	2.50452979621343	-0.196535316929113	0.159421758149498	0.6225578	0.6225578	FALSE	-1.21863159639382	2.50460567957308	-0.1942646196233	0.159412098125609	0.6265728	0.6265728	0	0.00110864745011086	98	902	0	0	0	2
1	86	rs86	A	C	304	0.152	0	0.21977649815596	0.226891215568067	4.26919395192885	19.4251614151177	0.3327235	0.3327235	FALSE	0.226643386074164	0.227089766071256	4.3948891351197	19.3912084144453	0.3182627	0.3182627	0.178571428571429	0.149113082039911	98	902	4	27	15	239
1	89	rs89	A	C	1	5e-04	0	-1.13990938325413	4.08880923100745	-0.0681830825517233	0.0598144760920201	0.7804078	0.7804078	FALSE	-1.1257101028732	4.08885558989326	-0.0673322332015737	0.0598131197629999	0.7830767	0.7830767	0	0.000554323725055432	98	902	0	0	0	1
1	90	rs90	A	C	135	0.0675	0	-0.000797874470908329	0.309132920308111	-0.00834918446311482	10.464283251988	0.9979407	0.9979407	FALSE	0.010958390112188	0.309487977214785	0.114408737187518	10.4402869414433	0.9717543	0.9717543	0.0663265306122449	0.0676274944567627	98	902	2	9	6	110
1	91	rs91	A	C	13	0.0065	0	0.78652093821167	1.01793571457882	0.759048601827495	0.965071067978637	0.439722	0.439722	FALSE	0.80121803949543	1.01812650897626	0.77294257254246	0.964709397992615	0.4313092	0.4313092	0.0102040816326531	0.00609756097560976	98	902	0	2	0	11
1	92	rs92	A	C	217	0.1085	0	-0.249481872085183	0.253460855739773	-3.88344537477325	15.5660423032551	0.3249673	0.3249673	FALSE	-0.245885872916815	0.254102172559639	-3.80817432847209	15.4875686158693	0.3332115	0.3332115	0.0918367346938776	0.110310421286031	98	902	3	12	10	179
1	94	rs94	A	C	699	0.3495	0	-0.0572334836153781	0.168863989425133	-2.00713271722026	35.0692040818037	0.7346606	0.7346606	FALSE	-0.0680819614996106	0.169748214845759	-2.36277098037673	34.704801805545	0.6883641	0.6883641	0.341836734693878	0.350332594235033	98	902	10	47	109	414
1	96	rs96	A	C	219	0.1095	0	0.339397560654639	0.254430053685405	5.24290390114107	15.4476770281684	0.1822195	0.1822195	FALSE	0.354729607529339	0.255027285870545	5.4541131127142	15.3754098810687	0.1642413	0.1642413	0.137755102040816	0.106430155210643	98	902	1	25	12	168
1	97	rs97	A	C	801	0.4005	0	-0.285008995400431	0.165656246402623	-10.385871247579	36.4405033356475	0.08534442	0.08534442	FALSE	-0.276994048822958	0.166155198523981	-10.0332716542264	36.2219755148575	0.09549845	0.09549845	0.346938775510204	0.406319290465632	98	902	10	48	148	437
1	98	rs98	A	C	4	0.002	0	-1.1903140274237	2.15935486926445	-0.255278071882161	0.214462793851704	0.5814719	0.5814719	FALSE	-1.17615642662765	2.15944301112526	-0.252221202203996	0.214445286778035	0.5859892	0.5859892	0	0.00221729490022173	98	902	0	0	0	4
1	99	rs99	A	C	284	0.142	0	-0.469400792572603	0.238720221452093	-8.23693049285962	17.5477558265639	0.04926144	0.04926144	FALSE	-0.474622788930398	0.239672572774816	-8.26250834731828	17.4085790653638	0.04767021	0.04767021	0.0918367346938776	0.147450110864745	98	902	0	18	17	232
1	91	rs91	A	C	13	0.0065	0	0.741561608490153	0.988413846054225	0.759048622986442	1.02358133740485	0.4531016	0.4531016	FALSE	0.0102040816326531	0.00609756097560976	98	902	0	2	0	11
1	92	rs92	A	C	217	0.1085	0	-0.235221210307368	0.246110054753347	-3.88345043159777	16.5097799918774	0.3391954	0.3391954	FALSE	0.0918367346938776	0.110310421286031	98	902	3	12	10	179
1	94	rs94	A	C	699	0.3495	0	-0.0539613957313232	0.163966676812372	-2.00711374430781	37.1953637800872	0.7420803	0.7420803	FALSE	0.341836734693878	0.350332594235033	98	902	10	47	109	414
1	96	rs96	A	C	219	0.1095	0	0.319997197497697	0.247051172976306	5.24290917579897	16.3842346645448	0.1952282	0.1952282	FALSE	0.137755102040816	0.106430155210643	98	902	1	25	12	168
1	97	rs97	A	C	801	0.4005	0	-0.268717531238494	0.160851956893693	-10.3858800691574	38.6498045783982	0.09480286	0.09480286	FALSE	0.346938775510204	0.406319290465632	98	902	10	48	148	437
1	98	rs98	A	C	4	0.002	0	-1.12227298869803	2.09673034588229	-0.255277976530498	0.22746513468764	0.5924776	0.5924776	FALSE	0	0.00221729490022173	98	902	0	0	0	4
1	99	rs99	A	C	284	0.142	0	-0.442568858746489	0.231796943778985	-8.23693123928301	18.6116376615673	0.05622398	0.05622398	FALSE	0.0918367346938776	0.147450110864745	98	902	0	18	17	232
1	91	rs91	A	C	13	0.0065	0	0.741561608490153	0.988413846054225	0.759048622986442	1.02358133740485	0.4531016	0.4531016	FALSE	0.0102040816326531	0.00609756097560976	98	902	0	2	0	11
1	92	rs92	A	C	217	0.1085	0	-0.235221210307368	0.246110054753347	-3.88345043159777	16.5097799918774	0.3391954	0.3391954	FALSE	0.0918367346938776	0.110310421286031	98	902	3	12	10	179
1	94	rs94	A	C	699	0.3495	0	-0.0539613957313232	0.163966676812372	-2.00711374430781	37.1953637800872	0.7420803	0.7420803	FALSE	0.341836734693878	0.350332594235033	98	902	10	47	109	414
1	96	rs96	A	C	219	0.1095	0	0.319997197497697	0.247051172976306	5.24290917579897	16.3842346645448	0.1952282	0.1952282	FALSE	0.137755102040816	0.106430155210643	98	902	1	25	12	168
1	97	rs97	A	C	801	0.4005	0	-0.27126166323683	0.164431140463222	-10.3858800691574	38.6498045783982	0.09480286	0.09480286	FALSE	0.346938775510204	0.406319290465632	98	902	10	48	148	437
1	98	rs98	A	C	4	0.002	0	-1.12227298869803	2.09673034588229	-0.255277976530498	0.22746513468764	0.5924776	0.5924776	FALSE	0	0.00221729490022173	98	902	0	0	0	4
1	99	rs99	A	C	284	0.142	0	-0.483766790278771	0.264689120036915	-8.23693123928301	18.6116376615673	0.05622398	0.05622398	FALSE	0.0918367346938776	0.147450110864745	98	902	0	18	17	232
1	91	rs91	A	C	13	0.0065	0	0.741561608490153	0.988413846054225	0.759048622986442	1.02358133740485	0.4531016	0.4531016	FALSE	0.0102040816326531	0.00609756097560976	98	902	0	2	0	11
1	92	rs92	A	C	217	0.1085	0	-0.235221210307368	0.246110054753347	-3.88345043159777	16.5097799918774	0.3391954	0.3391954	FALSE	0.0918367346938776	0.110310421286031	98	902	3	12	10	179
1	94	rs94	A	C	699	0.3495	0	-0.0539613957313232	0.163966676812372	-2.00711374430781	37.1953637800872	0.7420803	0.7420803	FALSE	0.341836734693878	0.350332594235033	98	902	10	47	109	414
1	96	rs96	A	C	219	0.1095	0	0.319997197497697	0.247051172976306	5.24290917579897	16.3842346645448	0.1952282	0.1952282	FALSE	0.137755102040816	0.106430155210643	98	902	1	25	12	168
1	97	rs97	A	C	801	0.4005	0	-0.27126166323683	0.164431140463222	-10.3858800691574	38.6498045783982	0.09480286	0.09480286	FALSE	0.346938775510204	0.406319290465632	98	902	10	48	148	437
1	98	rs98	A	C	4	0.002	0	-1.12227298869803	2.09673034588229	-0.255277976530498	0.22746513468764	0.5924776	0.5924776	FALSE	0	0.00221729490022173	98	902	0	0	0	4
1	99	rs99	A	C	284	0.142	0	-0.483766790278771	0.264689120036915	-8.23693123928301	18.6116376615673	0.05622398	0.05622398	FALSE	0.0918367346938776	0.147450110864745	98	902	0	18	17	232
1	91	rs91	A	C	13	0.0065	0	0.741561608490153	0.988413846054225	0.759048622986442	1.02358133740485	0.4531016	0.4531016	FALSE	0.0102040816326531	0.00609756097560976	98	902	0	2	0	11
1	92	rs92	A	C	217	0.1085	0	-0.235221210307368	0.246110054753347	-3.88345043159777	16.5097799918774	0.3391954	0.3391954	FALSE	0.0918367346938776	0.110310421286031	98	902	3	12	10	179
1	94	rs94	A	C	699	0.3495	0	-0.0539613957313232	0.163966676812372	-2.00711374430781	37.1953637800872	0.7420803	0.7420803	FALSE	0.341836734693878	0.350332594235033	98	902	10	47	109	414
1	96	rs96	A	C	219	0.1095	0	0.319997197497697	0.247051172976306	5.24290917579897	16.3842346645448	0.1952282	0.1952282	FALSE	0.137755102040816	0.106430155210643	98	902	1	25	12	168
1	97	rs97	A	C	801	0.4005	0	-0.27126166323683	0.164431140463222	-10.3858800691574	38.6498045783982	0.09480286	0.09480286	FALSE	0.346938775510204	0.406319290465632	98	902	10	48	148	437
1	98	rs98	A	C	4	0.002	0	-1.12227298869803	2.09673034588229	-0.255277976530498	0.22746513468764	0.5924776	0.5924776	FALSE	0	0.00221729490022173	98	902	0	0	0	4
1	99	rs99	A	C	284	0.142	0	-0.483766790278771	0.264689120036915	-8.23693123928301	18.6116376615673	0.05622398	0.05622398	FALSE	0.0918367346938776	0.147450110864745	98	902	0	18	17	232
