CHR	POS	MarkerID	Allele1	Allele2	AC_Allele2	AF_Allele2	MissingRate	BETA	SE	Tstat	var	p.value	p.value.NA	Is.SPA.converge	AF_caseVec	AF_ctrlVec	N_caseVec	N_ctrlVec	N_case_hom	N_case_het	N_ctrl_hom	N_ctrl_het
1	3	rs3	A	C	2	0.001	0	-1.03699076921314	4.08716006956544	-0.0620771252764171	0.0598627558888693	0.7997125	0.7997125	FALSE	0	0.00110864745011086	98	902	0	0	0	2
1	4	rs4	A	C	20	0.01	0	-0.0626310855192614	0.768765000030395	-0.105974831186169	1.69204845018339	0.9350684	0.9350684	FALSE	0.0102040816326531	0.00997782705099778	98	902	0	2	0	18
1	8	rs8	A	C	3	0.0015	0	-1.10689035590002	2.11771835269185	-0.246813097738979	0.222978813053523	0.6011965	0.6011965	FALSE	0	0.0016629711751663	98	902	0	0	0	3
1	9	rs9	A	C	4	0.002	0	-1.29801018591973	1.5055372758606	-0.572657660930502	0.441181176498039	0.3886009	0.3886009	FALSE	0	0.00221729490022173	98	902	0	0	0	4
1	10	rs10	A	C	4	0.002	0	0.619612480046513	1.42881657348156	0.303505942173748	0.489831873868913	0.6645395	0.6645395	FALSE	0.00510204081632653	0.0016629711751663	98	902	0	1	0	3
1	11	rs11	A	C	2	0.001	0	-1.05107554830819	3.38289955948201	-0.0918450438877445	0.0873819622534062	0.7560268	0.7560268	FALSE	0	0.00110864745011086	98	902	0	0	0	2
1	12	rs12	A	C	30	0.015	0	-0.0810840664707009	0.638572039981056	-0.198845479874884	2.45233729054198	0.8989585	0.8989585	FALSE	0.0153061224489796	0.0149667405764967	98	902	0	3	0	27
1	13	rs13	A	C	2	0.001	0	1.27367373797312	1.67460904486427	0.454183475167327	0.356593263742801	0.4469081	0.4469081	FALSE	0.00510204081632653	0.000554323725055432	98	902	0	1	0	1
1	14	rs14	A	C	75	0.0375	0	-0.0629790213239245	0.422066195777045	-0.353536914812679	5.61356634924997	0.8813832	0.8813832	FALSE	0.0306122448979592	0.0382483370288248	98	902	1	4	2	65
1	15	rs15	A	C	244	0.122	0	-0.265297409662243	0.239775610191528	-4.61448246320763	17.393620499659	0.268536	0.268536	FALSE	0.0969387755102041	0.124722838137472	98	902	2	15	12	201
1	16	rs16	A	C	3	0.0015	0	2.34150325122659	1.86455614793289	0.673509666492316	0.287639859624154	0.2091897	0.2091897	FALSE	0.00510204081632653	0.00110864745011086	98	902	0	1	0	2
1	17	rs17	A	C	12	0.006	0	-0.0504452356503369	0.808231007230543	-0.0772234392248132	1.53083711928893	0.9502328	0.9502328	FALSE	0.0102040816326531	0.00554323725055432	98	902	0	2	0	10
1	18	rs18	A	C	3	0.0015	0	-1.31592117271186	1.56920283735312	-0.534406467190362	0.406108267176105	0.4016982	0.4016982	FALSE	0	0.0016629711751663	98	902	0	0	0	3
1	20	rs20	A	C	762	0.381	0	-0.00271612871517527	0.160456248959738	-0.1054962631035	38.8406714726301	0.9864944	0.9864944	FALSE	0.36734693877551	0.382483370288248	98	902	14	44	128	434
1	22	rs22	A	C	459	0.2295	0	0.135800986934263	0.18838668772253	3.82650694270031	28.1773132072494	0.4709938	0.4709938	FALSE	0.255102040816327	0.226718403547672	98	902	7	36	43	323
1	23	rs23	A	C	607	0.3035	0	-0.418723667848299	0.169456485701252	-14.6057141654047	34.8815108552599	0.0134743174594607	0.01339819	TRUE	0.229591836734694	0.311529933481153	98	902	5	35	93	376
1	26	rs26	A	C	996	0.498	0	0.277767282253806	0.158509000391444	11.0553688073003	39.8008315363745	0.07970927	0.07970927	FALSE	0.561224489795918	0.491130820399113	98	902	30	50	212	462
1	27	rs27	A	C	234	0.117	0	-0.210430114449645	0.250322763477897	-3.35820498630344	15.9587661446957	0.4005524	0.4005524	FALSE	0.102040816326531	0.118625277161863	98	902	0	20	10	194
1	28	rs28	A	C	1	5e-04	0	-1.0235487555236	7.05714456251447	-0.0205518303779382	0.0200789950327523	0.8846815	0.8846815	FALSE	0	0.000554323725055432	98	902	0	0	0	1
1	29	rs29	A	C	531	0.2655	0	-0.167655232158617	0.181632300290027	-5.08195652144266	30.3119470595147	0.3559825	0.3559825	FALSE	0.219387755102041	0.270509977827051	98	902	5	33	64	360
1	30	rs30	A	C	351	0.1755	0	-0.127495297884321	0.204385662900212	-3.05206172163062	23.938621833723	0.5327605	0.5327605	FALSE	0.147959183673469	0.178492239467849	98	902	5	19	34	254
1	31	rs31	A	C	16	0.008	0	-1.10804133226334	1.04391627809835	-1.0167744425633	0.917632233525429	0.2884957	0.2884957	FALSE	0	0.00886917960088692	98	902	0	0	0	16
1	32	rs32	A	C	1	5e-04	0	2.35215709289328	2.0313513736311	0.570028039797712	0.242342674101136	0.2468937	0.2468937	FALSE	0.00510204081632653	0	98	902	0	1	0	0
1	33	rs33	A	C	17	0.0085	0	-0.384481129727067	0.889562144513828	-0.485872638982212	1.26370997538194	0.665586	0.665586	FALSE	0.00510204081632653	0.00886917960088692	98	902	0	1	0	16
1	34	rs34	A	C	4	0.002	0	1.73948212544018	1.70633329070479	0.597437174622074	0.343456920818253	0.3080003	0.3080003	FALSE	0.00510204081632653	0.0016629711751663	98	902	0	1	0	3
1	35	rs35	A	C	5	0.0025	0	-1.09787255490579	1.95219174798782	-0.288075937047321	0.262394697599522	0.5738575	0.5738575	FALSE	0	0.00277161862527716	98	902	0	0	0	5
1	37	rs37	A	C	34	0.017	0	-0.394010292613789	0.644332121217879	-0.949047615376922	2.40868736976672	0.5408674	0.5408674	FALSE	0.0102040816326531	0.0177383592017738	98	902	0	2	0	32
1	38	rs38	A	C	102	0.051	0	0.936483720463125	0.370616133400593	6.83166006185721	7.29501208892207	0.0115097416295666	0.01142658	TRUE	0.0816326530612245	0.0476718403547672	98	902	0	16	2	82
1	42	rs42	A	C	1	5e-04	0	-1.05698516710452	4.51261852697687	-0.0519052931993344	0.0491069267712833	0.8148074	0.8148074	FALSE	0	0.000554323725055432	98	902	0	0	0	1
1	44	rs44	A	C	1	5e-04	0	15.0427624196516	9.21685651852245	0.933351054429822	0.0620465196745055	0.10266000097723	0.000178946	TRUE	0.00510204081632653	0	98	902	0	1	0	0
1	45	rs45	A	C	5	0.0025	0	-1.29675373510212	1.30123671900019	-0.765852065012445	0.590591755613591	0.3189806	0.3189806	FALSE	0	0.00277161862527716	98	902	0	0	0	5
1	46	rs46	A	C	8	0.004	0	-1.25999605464427	1.1036097402177	-1.03451820028284	0.821048761597039	0.2535769	0.2535769	FALSE	0	0.00443458980044346	98	902	0	0	0	8
1	48	rs48	A	C	580	0.29	0	-0.246503421555805	0.173267832809375	-8.21083008734416	33.3091931767987	0.154831	0.154831	FALSE	0.239795918367347	0.295454545454545	98	902	3	41	85	363
1	49	rs49	A	C	7	0.0035	0	-1.10232893353724	1.48061039778688	-0.502839767455291	0.456161271066105	0.4565681	0.4565681	FALSE	0	0.00388026607538803	98	902	0	0	0	7
1	50	rs50	A	C	145	0.0725	0	-0.123517524722959	0.298840922315662	-1.38308363813605	11.1974688712247	0.6793707	0.6793707	FALSE	0.0612244897959184	0.0737250554323725	98	902	0	12	9	115
1	54	rs54	A	C	216	0.108	0	-0.37506519289341	0.261334765861872	-5.49177056600096	14.6421760004844	0.1512328	0.1512328	FALSE	0.076530612244898	0.111419068736142	98	902	0	15	9	183
1	55	rs55	A	C	1	5e-04	0	-1.10724513090582	3.41371850920093	-0.0950141670371574	0.085811320713985	0.7456718	0.7456718	FALSE	0	0.000554323725055432	98	902	0	0	0	1
1	56	rs56	A	C	2	0.001	0	4.33456236387415	1.87127049014652	1.44977919368297	0.334469566239481	0.0205378555307453	0.01218219	TRUE	0.0102040816326531	0	98	902	0	2	0	0
1	57	rs57	A	C	366	0.183	0	-0.240261872170773	0.200803335648945	-5.95858324685615	24.8003696675639	0.2315002	0.2315002	FALSE	0.158163265306122	0.18569844789357	98	902	0	31	38	259
1	58	rs58	A	C	5	0.0025	0	0.897094026933488	1.44670273572018	0.428626837196778	0.477794773265788	0.5351948	0.5351948	FALSE	0.00510204081632653	0.00221729490022173	98	902	0	1	0	4
1	60	rs60	A	C	11	0.0055	0	1.14645429526887	0.921005623010923	1.35155020380824	1.17889584380795	0.2132107	0.2132107	FALSE	0.0153061224489796	0.00443458980044346	98	902	0	3	0	8
1	61	rs61	A	C	3	0.0015	0	-1.15399233795338	1.87387105420515	-0.328642344338499	0.284787284568415	0.5380045	0.5380045	FALSE	0	0.0016629711751663	98	902	0	0	0	3
1	62	rs62	A	C	1	5e-04	0	-1.08233733647803	3.82652758506186	-0.0739184656087878	0.0682952191682878	0.777291	0.777291	FALSE	0	0.000554323725055432	98	902	0	0	0	1
1	64	rs64	A	C	869	0.4345	0	0.208769209918966	0.1537814212869	8.82792646172316	42.2855768106309	0.1745998	0.1745998	FALSE	0.489795918367347	0.428492239467849	98	902	24	48	175	423
1	65	rs65	A	C	5	0.0025	0	-1.07766283971144	1.92674745442601	-0.29029083185273	0.269370735591532	0.5759453	0.5759453	FALSE	0	0.00277161862527716	98	902	0	0	0	5
1	66	rs66	A	C	567	0.2835	0	0.11334774524356	0.168073529112916	4.01249262266604	35.3998450877346	0.500061	0.500061	FALSE	0.301020408163265	0.28159645232816	98	902	15	29	71	366
1	68	rs68	A	C	545	0.2725	0	-0.0118479502835719	0.176418072421238	-0.380677385553747	32.1302315119928	0.9464556	0.9464556	FALSE	0.270408163265306	0.272727272727273	98	902	9	35	64	364
1	70	rs70	A	C	12	0.006	0	-0.122344676628754	1.01811854686278	-0.118028905387426	0.964724486914745	0.9043505	0.9043505	FALSE	0.00510204081632653	0.00609756097560976	98	902	0	1	0	11
1	71	rs71	A	C	45	0.0225	0	0.23108395640733	0.508031687288954	0.895340422000347	3.87452437598973	0.649209	0.649209	FALSE	0.0306122448979592	0.0216186252771619	98	902	0	6	0	39
1	72	rs72	A	C	3	0.0015	0	-1.09597447675111	2.1596188393068	-0.234988292538851	0.214410369514668	0.6118145	0.6118145	FALSE	0	0.0016629711751663	98	902	0	0	0	3
1	74	rs74	A	C	7	0.0035	0	0.44362473472516	1.4283155033463	0.217454025795094	0.490175611893719	0.7561101	0.7561101	FALSE	0.00510204081632653	0.00332594235033259	98	902	0	1	0	6
1	75	rs75	A	C	60	0.03	0	-0.089937720817675	0.432715884954564	-0.480326116337663	5.34065253122656	0.8353502	0.8353502	FALSE	0.0306122448979592	0.0299334811529933	98	902	0	6	2	50
1	76	rs76	A	C	2	0.001	0	-1.20968271904169	2.17831142529249	-0.254936217474751	0.210746349817009	0.5786686	0.5786686	FALSE	0	0.00110864745011086	98	902	0	0	0	2
1	77	rs77	A	C	2	0.001	0	-1.13248713416748	2.48138325652502	-0.183927040124377	0.16240982751613	0.6481071	0.6481071	FALSE	0	0.00110864745011086	98	902	0	0	0	2
1	78	rs78	A	C	2	0.001	0	-1.16276075446348	2.07746404008959	-0.269415969561814	0.231703700462549	0.5756827	0.5756827	FALSE	0	0.00110864745011086	98	902	0	0	0	2
1	79	rs79	A	C	22	0.011	0	0.397443385709164	0.731462027323191	0.742833879673732	1.86903067552196	0.5868856	0.5868856	FALSE	0.0153061224489796	0.0105321507760532	98	902	0	3	0	19
1	81	rs81	A	C	314	0.157	0	0.209694070047786	0.21293435790907	4.62481818787115	22.0550737882919	0.3247308	0.3247308	FALSE	0.178571428571429	0.154656319290466	98	902	5	25	20	239
1	83	rs83	A	C	48	0.024	0	-0.952073426839436	0.525512155407698	-3.44750505676979	3.62104955309419	0.07003166	0.07003166	FALSE	0.00510204081632653	0.0260532150776053	98	902	0	1	0	47
1	84	rs84	A	C	2	0.001	0	-1.23109555706174	2.2584478169016	-0.241363526920816	0.196055883344165	0.58568	0.58568	FALSE	0	0.00110864745011086	98	902	0	0	0	2
1	85	rs85	A	C	2	0.001	0	-1.16419639725356	2.42098532765063	-0.198628670701286	0.170614400774532	0.6306039	0.6306039	FALSE	0	0.00110864745011086	98	902	0	0	0	2
1	86	rs86	A	C	304	0.152	0	0.221807550803508	0.22073820518541	4.55219976875362	20.5231956814052	0.3149718	0.3149718	FALSE	0.178571428571429	0.149113082039911	98	902	4	27	15	239
1	89	rs89	A	C	1	5e-04	0	-1.07614699094452	3.96787149722947	-0.0683528139352389	0.0635162431437422	0.7862255	0.7862255	FALSE	0	0.000554323725055432	98	902	0	0	0	1
1	90	rs90	A	C	135	0.0675	0	-0.00582293280320474	0.299746196089936	-0.0648088652721897	11.1299352856212	0.9845011	0.9845011	FALSE	0.0663265306122449	0.0676274944567627	98	902	2	9	6	110
1	91	rs91	A	C	13	0.0065	0	0.694900873947887	0.977560387952749	0.727169521697239	1.04643633208579	0.4771759	0.4771759	FALSE	0.0102040816326531	0.00609756097560976	98	902	0	2	0	11
1	92	rs92	A	C	217	0.1085	0	-0.24819485463134	0.24582254917548	-4.10723297282146	16.5484211142177	0.3126628	0.3126628	FALSE	0.0918367346938776	0.110310421286031	98	902	3	12	10	179
1	94	rs94	A	C	699	0.3495	0	-0.0553709974801672	0.164058053554475	-2.05725079083689	37.1539413132976	0.7357336	0.7357336	FALSE	0.341836734693878	0.350332594235033	98	902	10	47	109	414
1	96	rs96	A	C	219	0.1095	0	0.29995097751019	0.246269879964584	4.94569903347669	16.4883577794264	0.2232328	0.2232328	FALSE	0.137755102040816	0.106430155210643	98	902	1	25	12	168
1	97	rs97	A	C	801	0.4005	0	-0.263833294652785	0.160722136333292	-10.2135850077626	38.7122672337623	0.1006835	0.1006835	FALSE	0.346938775510204	0.406319290465632	98	902	10	48	148	437
1	98	rs98	A	C	4	0.002	0	-1.12520255381147	2.07331446264209	-0.261758235745093	0.232632102423179	0.5873315	0.5873315	FALSE	0	0.00221729490022173	98	902	0	0	0	4
1	99	rs99	A	C	284	0.142	0	-0.439427179294462	0.231410894802372	-8.20576947151418	18.6737868255879	0.05757704	0.05757704	FALSE	0.0918367346938776	0.147450110864745	98	902	0	18	17	232
