markerIndex p.value p.value.NA var1 var2 Tv1 N AC AF
131258 0.197533665993987 0.197231786850556 1.01838788184135 1.017016698918 -1.30040355064916 5000 1 1e-04
31767 0.248670167851466 0.248361051502901 1.01879025575979 1.01745985972782 -1.16437308938452 5000 1 1e-04
238662 0.477869694752653 0.477573968116217 1.0128000842827 1.01144043569868 0.71426092543729 5000 1 1e-04
193164 0.407941309513969 0.407650658262899 0.967925186209535 0.966725925380525 0.814142442886964 5000 1 1e-04
168825 0.941638867415622 0.941601759883921 1.01554532763452 1.01425283030878 -0.0737770214462898 5000 1 1e-04
274769 0.621522004033242 0.621300949903367 1.02257702049538 1.02128171172552 -0.499236392505618 5000 1 1e-04
165873 0.397397101160804 0.397105132836764 1.01670018664156 1.01544324067891 0.853316283545105 5000 1 1e-04
264023 0.798731508398657 0.798609412879543 1.00859799550962 1.00734857120944 0.256082963817204 5000 1 1e-04
266125 0.552540040315576 0.552242248448026 0.991348940240599 0.989864204132637 -0.591383480824955 5000 1 1e-04
36124 0.737346562294264 0.737183898592456 0.946582307986797 0.945366021819861 0.326288997176306 5000 1 1e-04
15853 0.856622464407475 0.856530745713453 1.01228794409042 1.01097989201463 0.181781952931904 5000 1 1e-04
204196 0.436597875176054 0.436273842253289 1.01606529829915 1.01463079892213 0.784175152516409 5000 1 1e-04
187300 0.580839824223524 0.580575504506623 1.01100404995369 1.00959247637527 0.555188090403786 5000 1 1e-04
162335 0.417520306557474 0.417207069392661 1.00665939485509 1.00530621807359 -0.813425765486302 5000 1 1e-04
189935 0.390614503510247 0.390284449883755 0.78120705007762 0.780119623306838 0.758796191793482 5000 1 1e-04
259345 0.637690627534027 0.637454620800148 0.982381200909008 0.981003761306469 0.466763086851045 5000 1 1e-04
190507 0.620432845339541 0.620197623323355 1.00719249062173 1.00583816726229 -0.497014789095433 5000 1 1e-04
38684 0.670771971613515 0.670541485064551 1.02684552513145 1.02531956060102 0.430756836458261 5000 1 1e-04
197309 0.420071443994729 0.419773700545757 0.994799114318609 0.993525563394429 -0.804197841745422 5000 1 1e-04
281684 0.550386129105853 0.550126413997439 1.02196978118041 1.02063937184435 0.603705954964332 5000 1 1e-04
183419 0.0824739995142566 0.0822893096441336 1.01899332020057 1.01776636497979 1.75292175091535 5000 1 1e-04
189923 0.831460825090737 0.831356435448798 1.01089902146744 1.00962886228492 -0.213985049634659 5000 1 1e-04
283990 0.772364193710755 0.772228218346619 1.02193270124622 1.02067831454025 0.292439000319431 5000 1 1e-04
133368 0.390614467495687 0.390284449883755 0.781206931327036 0.780119623306838 0.758796191793482 5000 1 1e-04
290456 0.382032231876978 0.381723797747261 1.02321341229428 1.0218883152175 0.884245856113076 5000 1 1e-04
260917 0.734627517051196 0.734452675232725 1.02530212405432 1.02389950356392 0.343238011769151 5000 1 1e-04
264598 0.474523072564538 0.474228920165038 1.01022321234086 1.00887926019484 0.718785351491626 5000 1 1e-04
41411 0.86136530599665 0.861277746831753 1.00781059235263 1.00652575890948 0.17531713016342 5000 1 1e-04
62914 0.869850052337914 0.86976706455452 1.00744734016141 1.00615225834466 0.164457942161906 5000 1 1e-04
241465 0.0110456566699849 0.0109812625320742 1.01695805197653 1.01532453693477 2.56270782972584 5000 1 1e-04
4247 0.503615316052389 0.503576032278667 1.01633565344585 1.01614853475214 -0.674252761474009 5000 2 2e-04
52171 0.189197701363389 0.189203305967132 0.999072983077551 0.999098294437169 -1.31234751129508 5000 2 2e-04
199205 0.0163426856725413 0.0179824728255092 0.898627388737857 0.925559235225284 -2.27621333341244 5000 2 2e-04
38783 0.0730569942032803 0.0730775696168916 1.02643536129699 1.0265825926318 -1.81601228812664 5000 2 2e-04
114480 0.551321089766554 0.551465861416466 1.00747112419364 1.00820429562065 0.598003109131239 5000 2 2e-04
243790 0.187897505307361 0.187726203504956 1.01303242784551 1.01224650524215 1.32537729343941 5000 2 2e-04
102290 0.371294254970278 0.371388387957185 1.00398235408047 1.00437759439956 -0.895830099811584 5000 2 2e-04
308019 0.0163426821442479 0.0179824728255092 0.898627329608878 0.925559235225284 -2.27621333341244 5000 2 2e-04
162794 0.198958997336087 0.199288161736307 1.02160997258838 1.02310811742313 -1.29832813939474 5000 2 2e-04
122148 0.43254506543261 0.432716571263461 1.00482969775504 1.00557895213365 -0.786736951241407 5000 2 2e-04
62391 0.0180386652800702 0.0180653710886065 1.01115516098039 1.01162392730948 2.3779769167345 5000 2 2e-04
45595 0.713591224506541 0.71366853953561 0.99429944764383 0.994861258231116 -0.365989608165145 5000 2 2e-04
271864 0.916046637424674 0.916030659767754 1.01316591054557 1.01277894628189 -0.106106516603494 5000 2 2e-04
86811 0.463204608145989 0.46339325779592 1.01320903485623 1.01406425618259 0.738409288200665 5000 2 2e-04
52363 0.928316825315744 0.92831804262597 1.01838361381669 1.01841829616062 0.0907858924266303 5000 2 2e-04
4258 0.219453954208503 0.219467136638133 1.02494400924093 1.02500262948972 -1.24320244541076 5000 2 2e-04
90100 0.795753216901825 0.795815809639973 0.930478054483979 0.931061533998232 0.249687250950265 5000 2 2e-04
287214 0.413063851314905 0.41348080644382 1.01257453068202 1.01438384085958 -0.82364396139748 5000 2 2e-04
87519 0.297324229215744 0.297458480847224 1.02420674828302 1.02477615468127 -1.0547272123475 5000 2 2e-04
182444 0.522143779112761 0.522190011403077 1.01690351626314 1.0171295240329 0.645431162193379 5000 2 2e-04
285056 0.391785455168997 0.391792493815894 1.01192247571536 1.01195255860317 -0.861473903524548 5000 2 2e-04
133207 0.88475811446105 0.88480223551803 1.02248336866848 1.02327225522876 0.146560479294378 5000 2 2e-04
90912 0.250615385055328 0.250664520227992 1.01489301022692 1.01510352426816 -1.15737929198188 5000 2 2e-04
137 0.402657605559224 0.402667919361209 1.02019938894125 1.02024412151432 -0.845294319786909 5000 2 2e-04
253816 0.0843400506525588 0.0843640272394326 1.0171286460805 1.0172857298279 -1.74076053158938 5000 2 2e-04
114366 0.302146635094844 0.30218232329002 1.02193280906599 1.02208369573437 1.04309515476714 5000 2 2e-04
171495 0.839534420838798 0.83960956836745 0.95601256405425 0.956920960171261 0.197985477270943 5000 2 2e-04
102130 0.245935183951943 0.246280134641206 1.01814891995012 1.01963722568783 1.17076068017789 5000 2 2e-04
182163 0.396805881195569 0.397141363099765 1.01516917737273 1.01661295564839 0.853742095325628 5000 2 2e-04
305345 0.279340452337955 0.279399732070387 1.01545352146106 1.01570395004197 -1.09012892731054 5000 2 2e-04
135561 0.982688722384965 0.982697774209524 1.01970113280364 1.0207685121521 0.0219108682677632 5000 3 3e-04
7003 0.867796491194482 0.867911931871097 0.996561742282636 0.998320613680178 -0.166171644062438 5000 3 3e-04
261664 0.791799450482655 0.791895261561846 1.01961305293015 1.02057424463251 -0.266550757027078 5000 3 3e-04
7017 0.863425726101276 0.863535928000939 1.0119845711198 1.01363591543076 0.173042706332582 5000 3 3e-04
218023 0.38126044551686 0.381505688096236 1.01427540518385 1.01532077505263 0.881803699079851 5000 3 3e-04
125089 0.0715971587358437 0.0718703444841975 1.00706640654674 1.00900614705196 -1.80802562059515 5000 3 3e-04
204036 0.387234894529116 0.387442624130319 1.01875816674822 1.0196501929357 -0.87271464059443 5000 3 3e-04
181826 0.419242412202111 0.419896270751593 1.01345386750261 1.0163081726291 -0.813151717119016 5000 3 3e-04
255258 0.544777187287413 0.544916273629653 1.01589667194421 1.01659953819468 -0.610399411911731 5000 3 3e-04
277986 0.57360272726238 0.573834037987066 0.988107765928242 0.989301457864367 -0.559397324308584 5000 3 3e-04
209198 0.897978002367486 0.898055561838399 1.01499209203794 1.01654558849663 0.129173583397851 5000 3 3e-04
285521 0.531801152587648 0.532013397619788 1.01136828700207 1.01241532753738 0.628802913608536 5000 3 3e-04
284489 0.0926999604976887 0.0929000248553673 1.00624166247105 1.00747526879805 -1.68656316328282 5000 3 3e-04
285001 0.437143374307105 0.437434287065708 1.0004229592038 1.0016936443278 -0.777190403620009 5000 3 3e-04
200841 0.503018585924659 0.503499060117371 1.00757059085434 1.00984125013943 0.67227819559702 5000 3 3e-04
72310 0.0370084422830695 0.0371483019900248 1.02019409483826 1.02170278053307 2.10662478137695 5000 3 3e-04
38766 0.871327391622607 0.871405016112989 1.019351869608 1.02059369673609 0.163532376996827 5000 3 3e-04
234312 0.377313409532484 0.378150659019929 1.00442096874665 1.00795336698727 0.884806629356672 5000 3 3e-04
175169 0.175911592281334 0.176145126988739 1.02355398189526 1.02466066551969 1.36929781464384 5000 3 3e-04
237614 0.979874392974035 0.97988654371691 1.02100260460348 1.02223683505563 0.0254899164497134 5000 3 3e-04
30466 0.39132202926066 0.391534958447191 1.01495453474767 1.01586752416488 -0.863608214803512 5000 3 3e-04
265461 0.193617135870594 0.193747723240789 1.01679061473228 1.01738673055332 -1.3108209051567 5000 3 3e-04
218851 0.962273701688459 0.962296784760172 0.999086143542487 1.00031077378723 0.0472789171163151 5000 3 3e-04
245294 0.771557824642125 0.771696192301156 1.00964074441252 1.01089992221568 -0.291733977676925 5000 3 3e-04
113792 0.179688422811215 0.180109529290723 0.999867347377189 1.00180343292103 1.34162600212458 5000 3 3e-04
270236 0.420178836631601 0.420545922488155 1.01612523579146 1.01773187638396 -0.81258439574907 5000 3 3e-04
112134 0.608513919585192 0.60880681614886 1.02006246719826 1.0217314362938 -0.517308331460589 5000 3 3e-04
298445 0.602057338215086 0.60247663246141 0.993984882649813 0.996283720529491 0.519873602493936 5000 3 3e-04
252793 0.462975928643339 0.463387991628194 1.02535047590397 1.02724161695769 0.743200222731486 5000 3 3e-04
17047 0.970899636504295 0.970916122772338 1.01943930549548 1.02059588943363 -0.0368328527390305 5000 3 3e-04
297206 0.238933418180288 0.23907701502144 1.0248464196499 1.02547323292781 1.19219740722042 5000 4 4e-04
79151 0.181347704893776 0.181782463112591 0.964138898189393 0.966060557141817 1.31243186160721 5000 4 4e-04
13650 0.841668996609544 0.84178759185879 1.02168808677636 1.02324091032577 0.201913668343529 5000 4 4e-04
207391 0.161638138093552 0.161933469979724 1.01181213091445 1.0132377910638 -1.40782506264343 5000 4 4e-04
38290 0.357993608671631 0.358369959877495 1.01287779889643 1.01446514305934 -0.925094627498062 5000 4 4e-04
157399 0.885527218334168 0.885607707947123 1.00993576081213 1.01136736210284 -0.144679564909607 5000 4 4e-04
126701 0.869060061684265 0.869157875351516 1.01539654361352 1.0169291042198 -0.166116755532245 5000 4 4e-04
270198 0.351651173030005 0.35194658459519 1.0253925181813 1.02665124800397 0.943142388027446 5000 4 4e-04
215789 0.111948694411483 0.112189993156347 1.01622905103594 1.01759699412038 1.60234103206785 5000 4 4e-04
249893 0.154499887924419 0.154973253337684 1.01915063580368 1.02149230657918 -1.43738433004321 5000 4 4e-04
265375 0.570282660759736 0.570514309373863 1.00809514311496 1.00930760549612 -0.569928171719833 5000 4 4e-04
17283 0.373316880316173 0.373662903835707 1.01487098616102 1.01634173246025 0.89687275934012 5000 4 4e-04
194351 0.347327071787403 0.347760199152603 1.01287671843936 1.01469822272998 -0.945817854988822 5000 4 4e-04
128343 0.0199454801131018 0.0201119709852475 1.01377738504382 1.01650050638324 -2.34334960285079 5000 4 4e-04
310117 0.525082308548435 0.525602544522392 1.00706723969023 1.00960018659763 0.637772535014591 5000 4 4e-04
145368 0.213952302382597 0.214297282964519 1.01182452676371 1.01334933874488 1.25009680408107 5000 4 4e-04
22947 0.187506589574776 0.18794552982754 0.993098134687934 0.995075353270854 -1.31343503851401 5000 4 4e-04
261845 0.335818961376519 0.336068994478675 1.01400349911996 1.01505334878438 -0.969174724369507 5000 4 4e-04
303980 0.401360838259487 0.401666406015593 1.01429572457183 1.01561321848964 0.845170466732776 5000 4 4e-04
186992 0.236378594975203 0.236788525842364 1.01225819902076 1.01403020755618 1.19132235960947 5000 4 4e-04
269306 0.167851243254509 0.167976378365935 0.976514792024401 0.977089741993457 -1.36285020929418 5000 4 4e-04
221006 0.536085824594571 0.536417675699223 1.01348987581264 1.01514160367719 0.622902178296271 5000 4 4e-04
138303 0.575032589770657 0.575444447782233 1.01830355710193 1.02050093284848 -0.565762960659893 5000 4 4e-04
251800 0.257870053940874 0.258413043832969 1.01930480577935 1.02163269839123 1.14230864536615 5000 4 4e-04
160 0.183196295929471 0.183447538944758 1.0127047156531 1.01386703595263 1.33940602302067 5000 4 4e-04
42297 0.527435508778014 0.527852848203912 1.02039790963743 1.02246313478875 0.638338023310809 5000 4 4e-04
288964 0.0576985719155759 0.0579196384399824 1.01532525983593 1.01712019015117 1.91246932787915 5000 4 4e-04
264577 0.557696380911333 0.557955004298968 1.01792524044345 1.01926304496171 0.591497733653952 5000 4 4e-04
115147 0.559698933283662 0.560160121723871 1.01457124026863 1.01695864073082 0.587523003387331 5000 4 4e-04
150896 0.673228393318674 0.67366304306775 1.0162828588794 1.01915829446975 0.425140936225123 5000 4 4e-04
146121 0.809653571645732 0.80986434283208 1.01435905398231 1.01665322269253 0.242596160947136 5000 5 5e-04
193168 0.271368966254511 0.271803512976603 1.01502624277711 1.01686830701339 -1.10814842700764 5000 5 5e-04
177060 0.698201609092188 0.698469629356232 0.991311864602177 0.993166007091117 0.386061161431811 5000 5 5e-04
82121 0.11461803076971 0.115019652828519 1.01680155972346 1.01905466362659 1.59097116267625 5000 5 5e-04
54055 0.224296571145489 0.224731661135543 1.01163276014152 1.01353390688767 1.22222982194138 5000 5 5e-04
175510 0.864506975887479 0.864602109855356 1.01468153674154 1.01612184463007 -0.171887895230407 5000 5 5e-04
212473 0.496832178700601 0.497131972746636 1.01642198980476 1.01783924772766 0.685039029515818 5000 5 5e-04
261713 0.528065359535369 0.528757791431342 1.01482461781602 1.01823853525659 -0.635621697220813 5000 5 5e-04
307058 0.353155599375004 0.353931045638507 1.01483091730308 1.0181058925188 0.935345667464506 5000 5 5e-04
165222 0.28738819579803 0.287947271636705 1.01666719659373 1.01902818090822 -1.07269789061908 5000 5 5e-04
218773 0.632216959267425 0.63255615189049 1.01365046806386 1.01567248431768 -0.481864341290216 5000 5 5e-04
16683 0.892021549126431 0.892141223817624 1.01935594471655 1.02163320558239 0.137054129551813 5000 5 5e-04
104364 0.297956449739965 0.298392368183523 1.01369198788077 1.01552277741231 1.04792696224951 5000 5 5e-04
129844 0.480576986990431 0.480809483504767 1.01782581334276 1.0189049842746 0.711634026283889 5000 5 5e-04
284183 0.592480122285846 0.593029849060787 1.00774533100019 1.01074532655915 0.537314306628141 5000 5 5e-04
265308 0.397849268317973 0.398422713281644 1.01203879154547 1.0145020236533 -0.850542564390876 5000 5 5e-04
24520 0.783659902947194 0.783962212120902 1.01128152363629 1.01418599301226 0.276097052336871 5000 5 5e-04
68456 0.290172043805816 0.290289173243715 0.991321222060759 0.991802768565962 -1.05314430972101 5000 5 5e-04
99761 0.882012413710196 0.882131859582395 1.01559371978151 1.01766832722604 0.149571333136707 5000 5 5e-04
262865 0.624024761316624 0.624212046686006 1.00933693184615 1.0104278465023 -0.492437188402766 5000 5 5e-04
304625 0.142705497633058 0.143134560113746 1.01215724430503 1.0143326247081 1.47467309837857 5000 5 5e-04
120725 0.313953434055232 0.314516014914295 1.01298825099186 1.01534628024142 -1.01347940622141 5000 5 5e-04
207438 0.93933522118248 0.939405248074517 1.00454729874469 1.00687495982693 -0.0762782695048489 5000 5 5e-04
201163 0.603929952417974 0.604340588325525 1.01418585742466 1.01649159519253 0.522423916973727 5000 5 5e-04
285875 0.671886069055808 0.672098835072466 1.01614424096413 1.01754515242231 0.426966254731848 5000 5 5e-04
68089 0.542947156120671 0.543449816432027 1.01931503790154 1.02185946435281 -0.61420955249199 5000 5 5e-04
116700 0.699190973733043 0.699424928867879 1.02093672905695 1.0226082026409 -0.390436953466341 5000 5 5e-04
251957 0.261362475912166 0.261565771552609 1.01272361560135 1.01358730714699 -1.1302995020374 5000 5 5e-04
307590 0.861611796971883 0.861639211236442 1.01660796057089 1.01701495992251 0.175764392666182 5000 5 5e-04
162387 0.861172767799379 0.861345802603842 1.00865536177373 1.0112002929579 0.175636674271134 5000 5 5e-04
308997 0.0523750949798044 0.0526551225012021 1.01611942256033 1.01853219536449 1.95561144607257 5000 9 9e-04
198506 0.243980197161154 0.244522267179082 1.01604893207287 1.01838709477181 1.17440790710129 5000 8 8e-04
85009 0.653101118130995 0.653523011151624 1.01417162201084 1.01681629628332 -0.452631823512456 5000 9 9e-04
56693 0.130890737962994 0.131524569448777 1.01485109880668 1.01819369909175 -1.52177433573006 5000 8 8e-04
154842 0.390363299381127 0.390976875047664 1.01386604742146 1.01649520232398 -0.864893384098826 5000 10 0.001
84651 0.967814990473704 0.967834997763137 1.01833975665722 1.01960769491853 -0.0407171862167655 5000 10 0.001
301507 0.522481430254451 0.523002254167455 1.01616705596717 1.01871626228608 0.64467393015375 5000 8 8e-04
62714 0.208317446598777 0.208618462104369 1.01830557526252 1.01965382614459 -1.26966936196844 5000 6 6e-04
268921 0.631862814187517 0.632244590834363 1.01592317545293 1.01820271422136 0.482905956782282 5000 8 8e-04
308690 0.917057306357962 0.917144189026989 1.02054547279339 1.02269464281033 -0.105205562325749 5000 6 6e-04
79165 0.692756402450697 0.693129779618516 1.01823510061579 1.02084757273011 0.398703416802122 5000 10 0.001
234390 0.468292849241158 0.468624633893279 1.01460625225333 1.01612110669931 -0.730536956380499 5000 9 9e-04
201179 0.587147228066612 0.587699735821259 1.01479782338071 1.01780332352498 0.546977359696168 5000 9 9e-04
131389 0.301154354060833 0.30364344742001 0.981249903067585 0.991405794561534 -1.02422178481744 5000 7 7e-04
7216 0.463398161547318 0.464026052389645 1.01696322587728 1.0198242764598 0.739455894084936 5000 6 6e-04
307827 0.297165581446099 0.297751766752046 1.01199559363187 1.01445443170049 -1.04876520398919 5000 8 8e-04
278266 0.00832200277608083 0.0084340090300919 1.00944848387547 1.01292788658 -2.65115523626081 5000 10 0.001
137509 0.302615480491174 0.302837570836088 1.02466329446079 1.02560507617791 1.04347534012581 5000 6 6e-04
84749 0.263795687698418 0.264239172317961 1.01136227597897 1.01324225269017 1.12379523254863 5000 8 8e-04
233880 0.00461950385502912 0.00468211069277092 1.01209114619365 1.01517587197069 2.84950667515581 5000 9 9e-04
288095 0.0908100235744909 0.091173586108875 1.01815667432931 1.02044949550193 -1.70642390629986 5000 6 6e-04
229290 0.620482758846767 0.620681410878991 1.01569869090836 1.01685421539373 0.499037864251094 5000 6 6e-04
265728 0.30384029591912 0.304425319111292 1.01144628595697 1.01389651541029 1.03410085861301 5000 8 8e-04
129005 0.34772434115428 0.348301075176539 1.00841696161882 1.01083271856693 -0.942956006797911 5000 9 9e-04
188876 0.423648632621461 0.423985744152192 1.01329931434165 1.01477446842394 -0.805410165325662 5000 8 8e-04
42160 0.880634690636105 0.880747667892316 1.01424166481851 1.01617883626876 -0.151230197905987 5000 10 0.001
274581 0.486874784352561 0.48726865798968 0.994396240293769 0.99619639717581 0.69333722713304 5000 7 7e-04
209245 0.580139464440696 0.580646642706883 1.01291076589272 1.01562837789487 0.556740559814121 5000 10 0.001
34491 0.977527983181512 0.977559801932812 1.01800541140454 1.02089515417996 0.0284206798021734 5000 8 8e-04
22588 0.988264303519593 0.988284193038238 1.01226820531246 1.01570835599143 -0.0147989964357619 5000 9 9e-04
283489 0.92966323580553 0.929736956712936 1.01180810780894 1.01393795204617 -0.0887881616280855 5000 14 0.0014
274294 0.0568828693550881 0.0570802979817782 1.01352159734897 1.01513554539391 -1.91704052506266 5000 12 0.0012
83162 0.0078700859842324 0.00793617251096623 1.00334799594672 1.0054805380524 2.66203814427484 5000 20 0.002
101548 0.847100576276494 0.847359511286804 1.01021321268648 1.01368634327886 -0.193801337496758 5000 14 0.0014
208098 0.807832245330054 0.808045100037474 1.01126908929677 1.01355785955552 -0.244590137286413 5000 13 0.0013
243638 0.18335086880248 0.184065039394735 1.01318872447501 1.01649550947288 -1.33925336716476 5000 19 0.0019
111617 0.642939496197798 0.643480971434437 0.993761782196866 0.997008687743694 0.462144565891534 5000 12 0.0012
48173 0.0726261288465842 0.0728797400687919 1.01630120988768 1.01810389884479 -1.80974567419657 5000 19 0.0019
164411 0.0918234305226562 0.0922390647230575 1.01663126429106 1.01923349272471 -1.69981771505776 5000 13 0.0013
306757 0.686415456735701 0.686705868373851 1.01454838425307 1.01653579777297 -0.406650479729393 5000 18 0.0018
262920 0.904237924281181 0.904278009124671 1.01623291580028 1.01708833508617 -0.121282125489184 5000 12 0.0012
52807 0.307932222102675 0.308403263701668 1.01836959697427 1.02035469453083 -1.02889239098696 5000 11 0.0011
118726 0.487106948139369 0.487555905772656 1.016009999661 1.01810742437564 -0.700458317123112 5000 20 0.002
229587 0.259369089464258 0.259681886757995 1.2019882544777 1.2035675847536 -1.23655769938567 5000 11 0.0011
222125 0.136359604865961 0.136988695256663 1.00835846579768 1.01159746137431 1.49569731561655 5000 17 0.0017
179136 0.843745648675434 0.843915423225153 1.01056394835736 1.01279224956755 0.198143011376184 5000 20 0.002
257924 0.638918797124004 0.639226876542058 0.985386885955043 0.987199698584331 0.465770102894728 5000 12 0.0012
194718 0.382734416622894 0.38357321714037 1.01210893834874 1.01568437286321 0.878137982420722 5000 20 0.002
296646 0.865511576545982 0.865580507550387 1.01047773121836 1.01152432168224 -0.170247380546203 5000 20 0.002
209255 0.443007961430854 0.443693141480845 1.01300321715564 1.01605261393683 -0.772095147156062 5000 16 0.0016
233460 0.882857707300162 0.882994124601197 1.01523331625016 1.01761923707418 0.148465598045669 5000 15 0.0015
99619 0.251229127263556 0.251977083560925 1.01578042422159 1.01899042376783 -1.15638659863936 5000 13 0.0013
287380 0.505058794136786 0.505751869624262 0.992490955099815 0.995727963495828 -0.664043988572948 5000 13 0.0013
301704 0.43999431768502 0.440670672436952 1.00739336469139 1.01037867208456 -0.775052141350972 5000 17 0.0017
123816 0.541472058902904 0.54196149923192 1.0099801223342 1.01242919340712 0.613627777705575 5000 14 0.0014
218116 0.64170701009734 0.642117387480448 1.01485999862009 1.01736434765339 -0.468757971242664 5000 12 0.0012
253769 0.522337235422004 0.522685599522517 1.01073410649161 1.01242882123589 -0.643171172956323 5000 18 0.0018
233371 0.26099452906478 0.261434710996954 1.01362112683854 1.01549406230819 -1.13167307971885 5000 16 0.0016
233002 0.280186374815831 0.281077850916761 1.00584205135667 1.00957729052525 -1.08305058418256 5000 18 0.0018
229006 0.880919147583745 0.881083331174218 1.01533381077409 1.01816049097774 -0.15094829886285 5000 14 0.0014
261978 0.779430836928745 0.779935477145222 0.939026748183043 0.943452847322833 -0.271388443892927 5000 705 0.0705
198784 0.513424315717862 0.514578476637103 0.979692398446155 0.985080842061617 0.646845314045906 5000 404 0.0404
51061 0.000930365194940775 0.000960555802563898 0.784626385292085 0.788884551599561 2.93265988922401 5000 2256 0.2256
56527 0.105625663488006 0.10719487849496 0.889790486027587 0.897807464544327 1.52640015448842 5000 1240 0.124
161294 0.111146771884852 0.111845067643846 0.981475904603225 0.985313499157045 1.57823585333544 5000 274 0.0274
77213 0.941903719955671 0.942049976029428 0.991692322529209 0.99671324979884 -0.0725739955514158 5000 387 0.0387
259628 0.973222837492083 0.973255948194013 0.990946682168473 0.993402823414337 -0.0334142089921281 5000 247 0.0247
305807 0.484660620935278 0.48552175644625 0.990143246852388 0.994057169421047 -0.695373643195331 5000 312 0.0312
209840 0.280945716118954 0.282642785637581 0.561081678089938 0.565053258006012 0.807627845147872 5000 4490 0.449
103062 0.439623725595962 0.440756147612119 0.872251389138408 0.876582947396406 -0.721778788352848 5000 1206 0.1206
218271 0.463864499322824 0.464378028207147 0.998123633090716 1.00042062100742 -0.731810727828862 5000 192 0.0192
107097 0.973350308579589 0.973415457072697 0.974561317980947 0.979345500335538 -0.0329789998695663 5000 179 0.0179
99351 0.876248847439047 0.876531169912259 0.845196270200091 0.849097354764878 0.143166188088944 5000 1455 0.1455
226230 0.638940634741953 0.639577852056728 0.979890642866022 0.983624555208176 0.464439066268198 5000 280 0.028
59161 0.377464217897001 0.378122441717688 1.01590803122611 1.0187158965214 -0.889570529652167 5000 169 0.0169
258094 0.321982707651148 0.322991658857556 0.979034350903252 0.983125644347571 -0.979954588675728 5000 170 0.017
35518 0.629307029041704 0.630403846938233 0.91619423870746 0.922083408346782 0.462033296545057 5000 680 0.068
190713 0.993694589263114 0.993711564113022 0.971451250327054 0.976703061714229 0.0077891191404238 5000 292 0.0292
257105 0.580301098600729 0.581250342571135 0.985048993512213 0.990004690304957 0.548795852855442 5000 317 0.0317
75153 0.702911257503257 0.70344679403961 0.980046658676781 0.98376640489288 0.37756932471851 5000 328 0.0328
187478 0.350026485948827 0.350734122083504 1.00331934086942 1.0062710180618 -0.936087658189667 5000 54 0.0054
296662 0.944597220060366 0.944819949626473 0.526327706607225 0.530592095843273 -0.0504160775177705 5000 4743 0.4743
228751 0.751440230290608 0.751946823975561 0.987376848039784 0.991551713328616 0.314735392430328 5000 219 0.0219
105547 0.970132929678842 0.970204580919455 0.825024514425704 0.828999136976462 -0.0340084979501493 5000 1779 0.1779
265290 0.184044437159432 0.184825218364379 0.993422287011163 0.996963009017476 1.32402859103951 5000 109 0.0109
53366 0.17157714575121 0.173862459728663 0.574612741849578 0.580761420935923 1.03634643214562 5000 4292 0.4292
254289 0.535781108256137 0.536574063873262 0.911435753868407 0.914988740034751 -0.59115002035223 5000 1000 0.1
233160 0.187349746018704 0.188160241098746 0.797065344930317 0.799997901598585 1.17710141968638 5000 2127 0.2127
247914 0.515565999409256 0.516379580579431 0.779177374041334 0.782204067673266 0.573934157127488 5000 2301 0.2301
18962 0.249859359172115 0.250973893008597 0.978276293851233 0.982890171445485 -1.13812378786302 5000 161 0.0161
